 336 307    1  1 =UMi  1  3 23 02.5 66 02.  B 2   11767  1  1 1  2.0   -3.2    1.2    1.8
 337 308    2  1 =UMi  2  3 25 36.  69 50.5 B 4   85822  1  1 1  4.3    1.6    3.4    3.5
 338 309    3  1 =UMi  3  4 03 24.  73 50.  B 4   82080  1  1 1  4.2    8.0    2.3    3.2
 339 310    4  1 =UMi  4  4 21 29.  75 00.  B 4   77055  1  1 1  4.3   15.2    4.5    6.0
 340 311    5  1 =UMi  5  4 24 52.  77 38.5 B 5   79822  1  1 1  4.9  -10.4   10.2   10.4
 341 312    6  1 =UMi  6  5 07 16.5 72 51.5 B 2   72607  1  1 1  2.1   21.2    5.9    8.6
 342 313    7  1 =UMi  7  5 14 41.  75 23.5 B 3   75097  1  1 1  3.0   71.4  -10.7   21.0
 343   0    8  1 =UMi  8  5 02 54.  71 23.  B 6   70692  1  1 1  4.2  -10.4    1.4    3.6
 344   0    9  1 =UMi  9  4 27 20.  70 18.  B 6   69112  1  1 1  4.8  -10.0   -0.8    3.5
 345   0   10  1 =UMi 10  3 17 17.  35 50.  B 6   23734  3  1 1  5.2  -82.3    2.8   66.8
 346   0   11  1 =UMi 11  3 17 28.  37 20.  B 6   23522  3  1 1  4.0 -105.8    2.8   84.1
 347   0   12  1 =UMi 12  3 17 45.0 40 13.0 B 6   22626  4  3 4  5.5 -192.2   23.4  148.2
 348   0   13  1 =UMi 13  3 18 03.  42 56.  B 6   22783  3  1 4  4.3 -158.1   26.0  118.2
 349   0   14  1 =UMi 14  4 21 38.  57 55.  B 6   51808  6  1 1  4.9  -62.3   38.7   50.7
 350   0   15  1 =UMi 15  3 21 55.  70 42.  B 6          5  3 4  0.0    0.0    0.0    0.0
 351   0   16  1 =UMi 16  3 24 31.  69 03.  B 6   85699  1  1 4  5.8   61.4   27.8   35.2
 352   0   17  1 =UMi 17  3 15 07.  68 04.  B 6  109693  1  1 1  5.3   -0.9   -3.8    3.8
 353   0   18  1 =UMi 18  3 07 22.  67 43.  B 6  112519  1  3 1  4.8  -20.8    0.5    7.9
 354   0   19  1 =UMi 19  3 09 57.  67 22.  B 6  113116  1  0 1  4.7   10.9    7.4    8.5
 355   0   20  1 =UMi 20  3 26 30.  63 55.  B 6   37391  1  1 1  5.1   47.8   -7.8   22.5
 356 314   21  2 =UMa  1  4 17 36.5 40 02.5 B 4   41704  1  1 1  3.3  -11.3   10.3   13.4
 357 315   22  2 =UMa  2  4 17 10.  43 55.5 B 4   42527  1  1 1  4.6    3.9    3.4    4.4
 358 316   23  2 =UMa  3  4 16 08.  44 22.  B 5   42080  1  1 4  5.5   -5.5   10.5   11.2
 359 317   24  2 =UMa  4  4 18 25.  47 50.5 B 4   44390  1  1 1  4.7   -2.3    3.8    4.1
 360 318   25  2 =UMa  5  4 19 44.5 47 44.5 B 4   45038  1  1 1  4.8   -2.6    3.1    3.5
 361 319   26  2 =UMa  6  4 24 42.5 51 36.5 B 5   46977  4  1 1  4.5 -238.0  -24.5  150.5
 362 320   27  2 =UMa  7  4 23 50.  42 30.  B 5   45333  1  1 1  5.2   -8.7   17.5   18.6
 363 321   28  2 =UMa  8  4 25 02.  45 03.  B 4   46733  4  1 1  3.7   10.6    4.1    8.5
 364 322   29  2 =UMa  9  4 28 00.  46 21.5 B 5.         5  3 4  0.0    0.0    0.0    0.0
 365 323   30  2 =UMa 10  5 00 38.  42 36.  B 4   48319  1  1 1  3.8    3.8    2.5    3.8
 366 324   31  2 =UMa 11  5 03 38.5 38 15.5 B 4:  48402  1  1 1  4.6    6.7   -2.2    5.7
 367 325   32  2 =UMa 12  5 00 32.5 34 34.5 B 3.  46853  1  1 1  3.2   73.1   22.6   64.2
 368 326   33  2 =UMa 13  4 25 56.  29 15.5 B 3.  44127  1  1 1  3.1   79.4   18.8   71.7
 369 327   34  2 =UMa 14  4 27 10.  28 38.  B 3.  44471  2  1 1  3.6   71.1   18.7   65.1
 370 328   35  2 =UMa 15  4 27 07.  33 30.  B 5   44901  1  1 1  4.5   25.6   -4.7   21.9
 371 329   36  2 =UMa 16  4 27 26.  36 06.  B 5   45493  1  1 1  4.8   16.9   -2.5   13.9
 372 330   37  2 =UMa 17  5 09 34.  49 40.  B 2   54061  1  1 1  1.8    1.8   -0.5    1.3
 373 331   38  2 =UMa 18  5 13 43.5 45 03.5 B 2   53910  1  1 1  2.3    5.4    2.1    4.4
 374 332   39  2 =UMa 19  5 25 25.5 51 37.  B 2   59774  1  1 1  3.3   -0.1    0.6    0.6
 375 333   40  2 =UMa 20  5 24 45.  47 06.5 B 2   58001  1  1 1  2.4    5.6    0.2    3.8
 376 334   41  2 =UMa 21  5 13 56.5 29 51.5 B 4:  50372  1  1 1  3.5    2.0    0.5    1.8
 377 335   42  2 =UMa 22  5 15 04.5 28 45.  B 4:  50801  1  1 1  3.1   34.7   13.1   33.1
 378 336   43  2 =UMa 23  5 22 33.  35 14.  B 4   54539  1  1 1  3.0   40.0   17.2   36.9
 379 337   44  2 =UMa 24  6 00 55.  26 14.  B 4:  55219  1  1 1  3.5    8.9   -5.4    9.6
 380 338   45  2 =UMa 25  6 01 36.  24 54.  B 4:  55203  1  1 1  3.8    9.0  -11.4   14.0
 381 339   46  2 =UMa 26  6 03 10.  54 18.  B 2.  62956  1  1 1  1.8    6.7   -0.2    3.9
 382 340   47  2 =UMa 27  6 09 56.5 56 22.  B 2   65378  1  1 1  2.2    5.5   -0.3    3.0
 383 341   48  2 =UMa 28  6 21 12.  54 25.  B 2   67301  1  1 1  1.9    6.5   -1.1    3.9
 384 342   49  2 =UMa 29  6 17 43.5 40 06.  B 2   63125  1  1 4  2.9   75.7    1.7   57.9
 385   0   50  2 =UMa 30  5 28 10.  41 30.  B 4   57399  1  1 1  3.7   -5.9    1.8    4.8
 386   0   51  2 =UMa 31  5 21 02.  33 01.  B 5   53295  1  1 1  4.7   -7.0    1.2    6.0
 387   0   52  2 =UMa 32  5 06 17.  17 55.  B 3   45860  1  1 1  3.1    0.2    1.0    1.1
 388   0   53  2 =UMa 33  5 08 10.  20 42.  B 4   46952  1  1 1  4.5    4.1    0.8    3.9
 389   0   54  2 =UMa 34  5 05 00.  20 05.  B 4   45688  1  1 1  3.8   -0.8   -0.3    0.8
 390   0   55  2 =UMa 35  5 01 57.  20 51.  B 4   44700  1  1 1  4.6    0.9    0.4    0.9
 391   0   56  2 =UMa 36  4 29 42.  23 41.  B 4   44248  1  1 1  4.0    2.4    1.8    2.8
 392   0   57  2 =UMa 37  5 14 12.  21 53.  B 4   49593  1  1 1  4.5   73.0   11.1   68.6
 393   0   58  2 =UMa 38  5 18 55.  25 04.  B 4   51233  1  1 1  4.2    2.5   -0.7    2.4
 394   0   59  2 =UMa 39  5 19 57.  24 50.  B 3   51685  2  1 4  5.6   54.9  -54.1   73.7
 395   0   60  2 =UMa 40  5 23 22.  21 28.  B 3   52098  1  1 1  4.7   -6.5    8.6   10.6
 396   0   61  2 =UMa 41  5 26 09.  20 44.  B 3   52638  1  1 1  5.4  -50.0   18.9   50.3
 397   0   62  2 =UMa 42  5 25 19.  24 58.  B 4   53229  1  1 1  3.8   -3.3   -2.0    3.6
 398   0   63  2 =UMa 43  6 12 16.  40 30.  B 5   61317  1  1 1  4.2   -3.8    3.0    4.2
 399   0   64  2 =UMa 44  4 21 29.  58 08.  B 6   51808  1  0 4  4.9  -53.3   25.7   38.0
 400   0   65  2 =UMa 45  4 23 55.  47 14.  B 6   47401  3  0 4  6.0  -33.3  119.9  122.0
 401   0   66  2 =UMa 46  4 19 49.  47 30.  B 6   44857  1  0 4  5.2  -12.2   -1.8    8.4
 402   0   67  2 =UMa 47  5 23 17.  46 50.  B 6          5  0 4  0.0    0.0    0.0    0.0
 403   0   68  2 =UMa 48  6 03 58.  47 55.  B 6   60485  3  0 4  4.8 -105.5   11.0   71.5
 404   0   69  2 =UMa 49  6 06 00.  48 40.  B 6          5  0 4  0.0    0.0    0.0    0.0
 405   0   70  2 =UMa 50  6 06 30.  49 42.  B 6          5  0 4  0.0    0.0    0.0    0.0
 406   0   71  2 =UMa 51  6 06 19.  49 42.  B 6          5  0 4  0.0    0.0    0.0    0.0
 407   0   72  2 =UMa 52  6 19 05.  49 00.  B 6   65550  3  0 4  5.9   40.1   37.5   45.7
 408   0   73  2 =UMa 53  6 18 01.  49 27.  B 6          5  0 4  0.0    0.0    0.0    0.0
 409   0   74  2 =UMa 54  6 25 42.  48 11.  B 6   67194  3  0 4  5.9  164.2  -41.2  117.6
 410   0   75  2 =UMa 55  6 16 02.  52 25.  B 6   64906  4  0 4  5.1  -83.5  -38.0   63.8
 411   0   76  2 =UMa 56  5 01 41.  35 40.  B 6   47006  1  1 1  4.5    9.4  -20.4   21.8
 412 343   77  3 =Dra  1  8 18 56.5 76 17.  B 4.  83608  1  1 1  4.9   11.0   -0.6    2.7
 413 344   78  3 =Dra  2  9 04 14.5 78 15.5 B 4.  85819  1  1 1  4.9   22.7   -4.2    6.3
 414 345   79  3 =Dra  3  9 06 19.5 75 21.  B 3   85670  1  1 1  2.8    1.9   -1.3    1.4
 415 346   80  3 =Dra  4  9 19 03.  80 21.5 B 4   87585  1  1 1  3.7    4.3   -2.0    2.1
 416 347   81  3 =Dra  5  9 22 24.  75 03.5 B 3:  87833  1  1 1  2.2    0.6   -4.9    4.9
 417 348   82  3 =Dra  6 10 17 04.  81 53.  B 5:  90156  1  1 1  5.0  -17.9   -4.0    4.7
 418 349   83  3 =Dra  7 10 24 31.  77 57.  B 5:  91755  1  1 1  5.0   -4.9   -2.4    2.6
 419 350   84  3 =Dra  8 10 20 33.5 79 51.5 B 5:  90905  1  1 1  4.8  -18.2   -3.4    4.7
 420 351   85  3 =Dra  9 11 09 29.  80 53.5 B 4.  92512  1  1 1  4.6    1.8   -3.2    3.2
 421 352   86  3 =Dra 10 12 28 33.  81 51.  B 4   95081  1  1 1  4.6  -24.9   -1.4    3.8
 422 353   87  3 =Dra 11  1 12 26.5 82 49.  B 3.  94376  1  1 1  3.1  -32.5    3.7    5.5
 423 354   88  3 =Dra 12  1 15 21.  78 09.5 B 4   98702  1  1 1  4.5  -21.8   -1.0    4.6
 424 355   89  3 =Dra 13  1 27 47.  79 25.  B 3.  97433  1  1 1  3.8  -27.0    3.1    5.8
 425 356   90  3 =Dra 14  2 15 18.  83 05.  B 4   92782  1  1 1  4.8  -19.0    6.1    6.5
 426 357   91  3 =Dra 15  2 19 40.5 80 38.  B 4.  94648  1  1 1  4.4  -10.7    0.8    1.9
 427 358   92  3 =Dra 16  1 26 44.  80 54.  B 4:  96100  1  1 1  4.7  -28.1    1.2    4.6
 428 359   93  3 =Dra 17  4 06 34.5 83 04.5 B 4   86614  2  1 1  4.6   86.2   62.4   63.1
 429 360   94  3 =Dra 18  4  1 28.0 83 28.5 B 4   87728  2  3 4  5.4 -191.6   60.7   63.9
 430 361   95  3 =Dra 19  3 05 31.  84 48.  B 4   89908  1  1 1  4.2    7.6    1.8    1.9
 431 362   96  3 =Dra 20  5 29 44.5 81 04.5 B 3.  80650  1  1 1  4.9  -14.8   -2.9    3.7
 432 363   97  3 =Dra 21  5 06 26.  86 53.  B 4   86201  1  1 1  4.8    3.4    0.3    0.3
 433 364   98  3 =Dra 22  6 28 21.  83 18.  B 5.  82860  1  1 1  4.9   31.3    0.2    3.7
 434 365   99  3 =Dra 23  6 28 22.  81 41.  B 5.  81660  1  1 1  4.8    6.8   -2.7    2.9
 435 366  100  3 =Dra 24  6 26 51.5 84 46.  B 3   83895  1  1 1  3.2   25.0    0.2    2.3
 436 367  101  3 =Dra 25  7  7 55.0 78 32.0 B 3   80331  2  1 1  2.7   47.4   -4.7   10.5
 437 368  102  3 =Dra 26  7 12 28.5 74 11.5 B 3.  78527  1  1 1  4.0  -81.7   15.9   27.2
 438 369  103  3 =Dra 27  6 29 22.  71 04.  B 3   75458  1  1 1  3.3   -7.8    2.1    3.3
 439 370  104  3 =Dra 28  5 29 17.  65 18.  B 5   67627  1  1 1  4.6   -2.1    3.0    3.1
 440 371  105  3 =Dra 29  6 02 10.5 66 36.  B 2.  68756  1  1 1  3.7  -23.3  -15.0   17.7
 441 372  106  3 =Dra 30  5 10 26.  61 33.  B 3   61281  1  1 1  3.8   11.3   11.0   12.3
 442 373  107  3 =Dra 31  5 04 37.5 57 07.  B 3   56211  1  1 1  3.8    5.2    5.5    6.2
 443 374  108  3 =Dra 32  1 01 04.  77 31.5 B 5   98583  1  1 1  5.2  -14.6   -1.6    3.6
 444 375  109  4 =Cep  1  2 00 13.  71 07.  B 3. 106032  1  1 1  3.2   -7.5    0.2    2.5
 445 376  110  4 =Cep  2  1 07 13.  68 54.  B 3  105199  1  1 1  2.5    5.1    0.6    1.9
 446 377  111  4 =Cep  3  1 27 53.5 62 35.  B 4: 112724  1  1 1  3.5   -6.4    0.2    2.9
 447 378  112  4 =Cep  4  1 08 29.  61 03.  B 4  109492  1  1 1  3.4   -0.1    4.9    4.9
 448   0  113  4 =Cep  5  1 07 53.5 59 59.  B 4  109857  2  1 1  4.2  -24.4   -1.4   12.3
 449   0  114  4 =Cep  6  1 13 39.  58 46.  B 4  110991  1  1 1  4.1  -91.8   45.4   65.4
 450   0  115  4 =Cep  7 12 29 21.  71 49.  B 4  102422  1  1 1  3.4  -20.7   -5.2    8.3
 451   0  116  4 =Cep  8 12 29 54.  74 00.5 B 4  101093  1  1 1  4.2  -26.4   -4.7    8.7
 452   0  117  4 =Cep  9  1 18 46.  65 42.  B 5  108917  1  1 1  4.3   -3.9    2.3    2.8
 453   0  118  4 =Cep 10  2 27 33.  75 27.  B 4   99255  1  1 1  4.4    1.8   -0.6    0.8
 454   0  119  4 =Cep 11  2 24 23.  64 28.  B 3  116727  1  1 1  3.2    9.8    8.7    9.7
 455 379  120  5 =Boo  1  6 24 09.5 58 53.  B 4.  69483  1  1 1  4.5    7.9    0.9    4.2
 456 380  121  5 =Boo  2  6 25 33.  58 51.  B 4.  69713  1  1 1  4.8   -4.1   -0.1    2.1
 457 381  122  5 =Boo  3  6 26 59.5 60 05.  B 4.  70497  1  1 1  4.0   -3.5    4.9    5.2
 458 382  123  5 =Boo  4  7 01 18.  54 40.  B 4   69732  1  1 1  4.2    4.1   -0.7    2.5
 459 383  124  5 =Boo  5  7 13 05.5 49 33.5 B 3   71075  1  1 1  3.0  -61.5    0.2   39.9
 460 384  125  5 =Boo  6  7 18 43.5 54 15.5 B 3.  73555  1  1 1  3.5   -6.2   -4.7    5.9
 461 385  126  5 =Boo  7  7 27 29.5 49 01.  B 3.  74666  1  1 1  3.5    1.7   -0.7    1.3
 462 386  127  5 =Boo  8  7 22 29.5 40 40.  B 3   72105  1  1 1  2.3    0.9   -0.8    1.1
 463 387  128  5 =Boo  9  7 18 16.  42 11.  B 4   71284  1  1 1  4.5    0.3   -2.2    2.2
 464 388  129  5 =Boo 10  7 17 17.5 42 35.5 B 4:  71053  1  1 1  3.6   -5.8   -7.4    8.5
 465 389  130  5 =Boo 11  7 27 26.5 27 57.  B 3   71795  1  1 1  3.8   -0.1   -2.4    2.4
 466 390  131  5 =Boo 12  7 13 42.  28 09.  B 3   67927  1  1 1  2.7    1.9   -0.8    1.8
 467 391  132  5 =Boo 13  7 12 25.  26 33.  B 4.  67275  1  1 1  4.5   -1.2    0.0    1.1
 468 392  133  5 =Boo 14  7 13 37.  25 14.  B 4:  67459  1  1 1  4.1    0.2   -0.9    0.9
 469 393  134  5 =Boo 15  7 18 39.  31 02.5 B 1   69673  1  1 1 -0.1    1.1   -1.8    2.0
 470 394  135  5 =Boo 16  7 26 13.5 30 27.5 B 4   71762  1  1 1  4.5    2.3   -3.8    4.3
 471 395  136  5 =Boo 17  7 27 11.  31 22.  B 4   72125  1  1 1  4.6    2.4   -4.3    4.8
 472 396  137  5 =Boo 18  7 27 52.  33 52.  B 4   72659  1  1 1  4.5    3.8   -3.9    5.0
 473   0  138  5 =Boo 19  7 28 11.  40 14.5 B 5   73568  1  1 1  4.8    1.2   -1.9    2.1
 474   0  139  5 =Boo 20  7 29 40.  40 31.5 B 5   73996  1  1 1  4.9    0.6   -0.8    0.9
 475   0  140  5 =Boo 21  7 27 53.  42 16.  B 5   73745  1  1 1  4.5    2.6   -3.4    3.9
 476   0  141  5 =Boo 22  7 29 16.  41 55.  B 6   74087  1  1 1  5.7    3.7    0.7    2.8
 477   0  142  5 =Boo 23  7 29 34.5 45 06.  B 5   74596  1  1 1  5.3    2.2   -0.9    1.8
 478   0  143  5 =Boo 24  8 01 26.5 46 52.  B 5   75312  1  1 1  5.0    3.5   -1.4    2.8
 479   0  144  5 =Boo 25  7 27 32.  53 27.5 B 4   75411  1  1 1  4.3    3.1   -0.4    1.9
 480   0  145  5 =Boo 26  8 02 35.  54 00.  B 4   76669  1  1 1  4.6    4.3   -1.1    2.7
 481   0  146  5 =Boo 27  7 11 49.  60 40.  B 6   73695  1  3 1  4.8   23.4   -5.1   12.5
 482   0  147  5 =Boo 28  7 12 33.  60 57.  B 6   73841  1  3 1  5.6  -31.4   10.4   18.4
 497 397  148  6 =CrB  1  8 06 38.5 44 23.  B 2:  76267  1  1 1  2.2    1.7   -1.0    1.6
 498 398  149  6 =CrB  2  8 03 37.  46 08.  B 4   75695  1  1 1  3.7   -4.6   -2.7    4.2
 499 399  150  6 =CrB  3  8 03 10.5 48 25.  B 5   76127  1  1 1  4.1   40.0   10.4   28.4
 500 400  151  6 =CrB  4  8 08 02.  50 21.  B 6   77048  1  1 1  5.6  -86.7    9.3   56.0
 501 401  152  6 =CrB  5  8 09 14.5 44 33.  B 4   76952  1  1 1  3.8    2.9   -0.3    2.1
 502 402  153  6 =CrB  6  8 11 25.  44 52.  B 4   77512  1  1 1  4.6    1.1   -3.1    3.2
 503 403  154  6 =CrB  7  8 13 32.  46 09.5 B 4   78159  1  1 1  4.1   -0.5   -2.3    2.4
 504 404  155  6 =CrB  8  8 13 02.  48 24.  B 6.  78493  1  1 1  5.0   22.8   48.2   50.5
 505 405  156  7 =Her  1  9 10 31.  37 23.  B 3:  84345  1  1 1  2.8    3.7   -3.0    4.1
 506 406  157  7 =Her  2  8 25 27.5 42 48.  B 3   80816  1  1 1  2.8    3.5   -2.8    3.8
 507 407  158  7 =Her  3  8 23 36.  40 05.5 B 3.  80170  1  1 1  3.7    2.0   -2.5    2.9
 508 408  159  7 =Her  4  8 20 06.5 37 19.  B 4:  79043  1  1 1  5.0    1.5   -3.3    3.5
 509 409  160  7 =Her  5  9 09 10.  47 47.  B 3   84379  1  1 1  3.1    1.0   -1.7    1.9
 510 410  161  7 =Her  6  9 14 22.  49 23.  B 4.  85693  1  1 1  4.4   -2.5   -2.4    2.9
 511 411  162  7 =Her  7  9 19 36.  51 16.5 B 4:  86974  1  1 1  3.4    6.1   -2.1    4.3
 512 412  163  7 =Her  8  9 27 19.  52 19.  B 4.  88794  1  1 1  3.8  -10.9   -4.9    8.3
 513 413  164  7 =Her  9  9 23 57.  53 46.  B 4.  87998  1  1 1  4.4   -3.6   -5.2    5.6
 514 414  165  7 =Her 10  9 23 38.  52 47.  B 4.  87933  1  1 1  3.7   -1.1   -2.6    2.7
 515 415  166  7 =Her 11  8 26 02.  53 10.5 B 3   81693  1  1 1  2.8   -4.4   -2.6    3.7
 516 416  167  7 =Her 12  9 02 45.5 53 21.  B 3   83207  1  1 1  3.9   -0.7   -3.2    3.3
 517 417  168  7 =Her 13  9 06 21.5 59 38.  B 4   84380  1  1 1  3.2    7.5   -1.9    4.2
 518 418  169  7 =Her 14  9 07 19.  60 11.5 B 4   84606  1  1 1  4.6    3.6   -2.5    3.0
 519 419  170  7 =Her 15  9 09 47.5 60 13.5 B 4   85112  1  1 1  4.2    0.3   -2.9    2.9
 520 420  171  7 =Her 16  9 22 56.  60 47.  B 3   87808  1  1 1  3.9   -1.3   -2.8    2.9
 521 421  172  7 =Her 17  9 14 17.  69 22.  B 3   86414  1  1 1  3.8    1.5   -3.0    3.0
 522 422  173  7 =Her 18  9 07 05.5 71 20.  B 6.  85379  1  1 1  5.8   -4.7   -5.1    5.3
 523 423  174  7 =Her 19  9 11 07.  71 13.5 B 6.  86182  1  1 1  5.3   51.0   35.5   39.0
 524 424  175  7 =Her 20  9 18 00.  71 05.  B 9.         5  3 3  0.0    0.0    0.0    0.0
 525 425  176  7 =Her 21  8 23 08.5 60 22.5 B 3   81833  1  1 1  3.5    1.4   -1.8    2.0
 526 426  177  7 =Her 22  8 17 39.5 63 14.  B 4   81126  1  1 1  4.2   -2.1   -2.0    2.2
 527 427  178  7 =Her 23  8 08 43.5 65 55.  B 4   79992  1  1 1  3.9    1.3   -3.1    3.1
 528 428  179  7 =Her 24  8 05 57.  63 51.  B 4   79101  1  1 1  4.2    3.0   -2.2    2.6
 529 429  180  7 =Her 25  8 02 43.  64 23.  B 4   78592  1  1 1  4.7   -0.1   -1.7    1.7
 530 430  181  7 =Her 26  8 16 32.  62 29.  B 5   80704  1  1 1  4.8  -36.8   -8.1   18.9
 531 431  182  7 =Her 27  8 02 28.5 60 15.5 B 4:  77760  1  1 1  4.6    5.9   -0.4    3.0
 532 432  183  7 =Her 28  7 27 06.  57 15.5 B 4   76041  1  3 3  5.0    1.3   -0.9    1.2
 533 433  184  8 =Lyr  1 10 09 43.  61 47.5 B 1   91262  1  1 1  0.0    0.5   -2.3    2.3
 534 434  185  8 =Lyr  2 10 13 14.  62 27.  B 5:  91919  1  1 1  4.7   -8.6   -0.8    4.1
 535 435  186  8 =Lyr  3 10 12 26.  60 26.  B 5:  91971  1  1 1  4.3    8.0   -2.7    4.8
 536 436  187  8 =Lyr  4 10 16 10.5 59 26.  B 4.  92791  1  1 1  4.2   -2.3   -4.2    4.3
 537 437  188  8 =Lyr  5 10 24 32.5 60 46.  B 5:  94481  1  1 1  4.4    0.0   -2.9    2.9
 538 438  189  8 =Lyr  6 10 25 02.  59 41.  B 5   94713  1  1 1  4.3   -1.6   -4.5    4.5
 539 439  190  8 =Lyr  7 10 13 16.5 56 05.  B 3   92420  1  1 1  3.5    4.2   -3.0    3.8
 540 440  191  8 =Lyr  8 10 13 03.5 55 16.  B 6   92405  1  3 1  5.2   -0.2   -1.7    1.7
 541 441  192  8 =Lyr  9 10 16 11.  55 06.  B 3   93194  1  1 1  3.2   12.2   -2.4    7.4
 542 442  193  8 =Lyr 10 10 16 20.  54 31.5 B 6   93279  1  1 1  4.9   16.2   -2.5    9.7
 543 443  194  8 =Lyr 11 10 20 52.  58 06.  B 5   93903  1  1 1  5.2  -11.3   -2.2    6.4
 544 444  195  9 =Cyg  1 10 25 44.  49  2.  B 3   95947  1  1 1  3.0   -0.9   -1.4    1.5
 545 445  196  9 =Cyg  2 10 29 20.  50 42.  B 5   96683  1  1 1  4.7    4.2   -2.4    3.6
 546 446  197  9 =Cyg  3 11 07 33.  54 19.  B 4.  98110  1  1 1  3.9   -7.8   -0.3    4.6
 547 447  198  9 =Cyg  4 11 19 25.  57 09.5 B 3: 100453  1  1 1  2.2   -4.5   -0.4    2.5
 548 448  199  9 =Cyg  5 11 29 53.5 59 56.5 B 2: 102098  1  1 1  1.2   -2.8   -1.0    1.8
 549 449  200  9 =Cyg  6 11 10 53.  64 28.  B 3   97165  1  1 1  2.9   -8.0   -1.3    3.7
 550 450  201  9 =Cyg  7 11 13 21.  69 42.  B 4.  96441  1  1 1  4.5  -12.3   -4.4    6.2
 551 451  202  9 =Cyg  8 11 12 39.5 71 31.  B 4.  95853  1  1 1  3.8   -9.8   -2.7    4.1
 552 452  203  9 =Cyg  9 11 09 36.5 73 50.5 B 4.  94779  1  1 1  3.8  -10.0   -0.8    2.9
 553 453  204  9 =Cyg 10 11 22 09.5 49 26.  B 3. 102488  1  1 1  2.5   -0.4   -0.2    0.3
 554 454  205  9 =Cyg 11 11 24 18.  51 41.5 B 4  102589  1  1 1  4.5   -3.9   -3.3    4.1
 555 455  206  9 =Cyg 12 11 27 43.  43 44.  B 3. 104732  1  1 1  3.2  -11.7   -0.7    8.5
 556 456  207  9 =Cyg 13 12 00 32.  54 59.  B 4  103413  1  1 1  3.9    6.5   -3.0    4.8
 557 457  208  9 =Cyg 14 12 05 21.5 56 36.  B 4: 104060  1  1 1  3.7   -3.2   -0.2    1.8
 558 458  209  9 =Cyg 15 11 22 50.  63 37.  B 4   99675  1  3 3  3.8  -14.6    0.6    6.5
 559 459  210  9 =Cyg 16 11 24 34.5 64 17.5 B 4   99848  1  1 1  4.0  -15.3    1.1    6.7
 560 460  211  9 =Cyg 17 12 03 03.5 50 33.  B 4. 104887  1  1 1  3.7   -1.3   -0.8    1.2
 561 461  212  9 =Cyg 18 12 04 53.5 51 31.  B 4  105102  1  1 1  4.2   -3.0   -0.6    1.9
 562   0  213  9 =Cyg 19 12 04 33.  38 39.  B 3  107310  1  1 1  4.5   21.6   53.9   56.4
 563   0  214  9 =Cyg 20 10 19 57.  66 15.  B 4   92862  1  1 1  4.1  -14.5   -2.1    6.2
 564   0  215  9 =Cyg 21 10 24 49.5 68 52.  B 4   93408  1  1 1  5.0  -19.9   -2.0    7.5
 565   0  216  9 =Cyg 22 11 13 31.  69 35.  B 4   96441  6  3 1  4.5  -22.3    2.6    8.2
 566   0  217  9 =Cyg 23 11 28 44.  25 11.  B 6  107350  1  0 4  6.0  -22.8   89.5   91.8
 567   0  218  9 =Cyg 24 11 28 22.  35 35.  B 6  106062  2  3 4  5.8  -42.9  -41.0   53.9
 568   0  219  9 =Cyg 25 11 18 15.  53 12.  B 6  101067  1  1 4  5.9   33.0   -5.2   20.4
 569   0  220  9 =Cyg 26 11 13 18.  69 42.  B 6   96441  6  3 1  4.5   -9.3   -4.4    5.5
   0   0  221  9 =Cyg 27 11 16 15.  55 30.  B 0  100044  1  0 0  4.8    1.4   -1.1    1.4
 570 462  222 10 =Cas  1  1 29 35.  44 40.5 B 4    2920  1  1 1  3.7   -2.9    0.8    2.2
 571 463  223 10 =Cas  2  2 02 17.5 46 35.5 B 3:   3179  1  1 1  2.2   -2.4    0.1    1.6
 572 464  224 10 =Cas  3  2 04 38.  47 05.  B 4    3821  1  1 1  3.5   -0.5    0.5    0.6
 573 465  225 10 =Cas  4  2 08 27.5 48 46.  B 3:   4427  1  1 1  2.2   -3.6    0.7    2.4
 574 466  226 10 =Cas  5  2 12 21.  46 22.  B 3    6686  1  1 1  2.7    0.5    1.1    1.1
 575 467  227 10 =Cas  6  2 19 13.5 47 29.  B 3    8886  1  1 1  3.3   -0.2    1.4    1.4
 576 468  228 10 =Cas  7  2 26 39.  48 54.  B 4   11569  1  1 1  4.5    2.1    1.7    2.2
 577 469  229 10 =Cas  8  2 06 14.5 43 06.5 B 4    5542  1  1 1  4.3   -0.4   -0.6    0.7
 578 470  230 10 =Cas  9  2 05 16.  43 28.  B 5    5336  1  1 1  5.2    2.6   -1.1    2.2
 579 471  231 10 =Cas 10  1 24 39.  49 24.5 B 6  118243  1  1 1  4.9   -2.4   -1.6    2.2
 580 472  232 10 =Cas 11  2 07 06.  52 14.  B 4    2599  1  1 1  4.2   -1.4    0.6    1.0
 581 473  233 10 =Cas 12  1 29 35.5 51 14.5 B 3     746  1  1 1  2.3   -2.7   -0.4    1.7
 582 474  234 10 =Cas 13  1 25 34.  51 08.  B 6  117863  1  1 1  4.5   -1.8    0.5    1.3
 583 475  235 10 =Cas 14  1 25 32.  52 39.  B 6  117301  1  1 1  4.9   -0.4   -0.2    0.3
 584 476  236 10 =Cas 15  2 19 28.  52 48.  B 6    6692  1  1 1  4.7   -3.2    1.2    2.3
 585 477  237 10 =Cas 16  2 22 21.  56 13.  B 6    5926  1  3 4  5.9   -0.5   -6.0    6.0
 586 478  238 10 =Cas 17  2 22 23.  54 27.  B 6    7078  1  3 4  5.8   -7.1  -14.1   14.7
 587 479  239 10 =Cas 18  2 21 58.  52 08.5 B 6    7965  1  3 4  5.6  -37.4  -18.3   29.4
 588 480  240 10 =Cas 19  2 12 57.5 44 57.5 B 6    7294  1  1 1  4.7   -4.2    0.7    3.0
 589 481  241 10 =Cas 20  2 10 00.  45 04.5 B 6    6242  1  1 1  4.9   -1.5   -0.9    1.4
 590 482  242 10 =Cas 21  2 06 52.  47 31.5 B 6    4422  1  1 1  4.6   12.7    0.0    8.6
 591 483  243 10 =Cas 22  1 29 10.  45 38.  B 6    2505  1  1 1  4.7   -1.9    0.0    1.4
 592 484  244 10 =Cas 23  1 29 32.  41 15.  B 6    3801  1  1 1  4.9   -3.5   -0.1    2.6
 593 485  245 10 =Cas 24  1 27 57.  41 25.5 B 6    3300  1  1 1  4.8   -0.4   -0.6    0.6
 594 486  246 10 =Cas 25  1 26 56.  39 15.5 B 6    3504  1  1 1  4.5   -0.3    1.4    1.4
 595 487  247 10 =Cas 26  1 25 54.5 38 09.  B 6    3414  1  1 1  4.9   -1.1    8.9    9.0
 596   0  248 10 =Cas 27  3 01 46.  53 16.  B 6   12273  1  0 1  5.2   16.3   -1.1    9.8
 597   0  249 10 =Cas 28  3 06 12.  53 32.  B 6   14862  1  0 1  4.8   37.1   -2.8   22.3
 598   0  250 10 =Cas 29  3 00 11.  52 04.  B 6          5  0 4  0.0    0.0    0.0    0.0
 599   0  251 10 =Cas 30  3 06 45.  59 08.  B 6          5  0 4  0.0    0.0    0.0    0.0
 600   0  252 10 =Cas 31  3 17 17.  35 50.  B 6   23734  6  1 1  5.2  -82.3    2.8   66.8
 601   0  253 10 =Cas 32  3 27 19.  35 48.  B 6   30060  1  1 1  4.4   12.9  -13.8   17.3
 602   0  254 10 =Cas 33  4  2 33.0 34 49.0 B 6   33449  3  2 1  4.3   61.0   35.0   60.9
 603   0  255 10 =Cas 34  4 03 00.  30 22.  B 6   32609  3  0 4  5.5  -33.5  131.6  134.7
 604   0  256 10 =Cas 35  4 00 45.  44 10.  B 6   32864  1  1 1  5.1   26.2   12.8   22.7
 605   0  257 10 =Cas 36  4 00 57.  45 32.  B 6   33104  1  1 1  5.1   21.4   11.1   18.6
 606   0  258 10 =Cas 37  3 26 15.  45 32.  B 6   29997  1  1 1  4.8   33.9   20.7   31.4
 607   0  259 10 =Cas 38  4 00 10.  54 43.  B 6   33694  1  1 1  4.6   -5.0  -56.0   56.1
 608   0  260 10 =Cas 39  3 27 45.  56 15.  B 6   32439  1  1 1  5.4   25.2    2.5   14.2
 609   0  261 10 =Cas 40  4 04 13.  56 55.  B 6   39538  1  1 1  5.4   14.0   10.4   12.9
 610   0  262 10 =Cas 41  3 29 58.  59 18.  B 6   36547  1  1 1  4.9   12.9    5.0    8.3
 611   0  263 10 =Cas 42  4 07 54.  60 07.  B 6   47193  1  0 1  4.3   59.0   31.4   42.9
 612   0  264 10 =Cas 43  4 10 14.  62 04.  B 6   51502  4  3 1  5.2  -33.5   47.8   50.2
 613   0  265 10 =Cas 44  4  9 37.  62 46.  B 6   51384  4  2 1  5.5 -185.8   62.3  104.2
 614   0  266 10 =Cas 45  4 20 58.  63 17.  B 6   59504  1  1 4  5.1  176.3   55.1   95.5
   0   0  267 10 =Cas 46  2 06 54.  53 45.  B 0          1  1 0  0.0   24.9   -2.2   14.9
 615 488  268 11 =Per  1  2 18 31.  39 00.5 B 6   11060  1  1 1  5.2   -2.4   -3.4    3.8
 616 489  269 11 =Per  2  2 23 09.5 37 28.5 B 4   13268  1  1 1  3.8   -0.5   -2.3    2.3
 617 490  270 11 =Per  3  2 24 26.5 34 30.  B 3   14328  1  1 1  2.9    1.6   -1.0    1.6
 618 491  271 11 =Per  4  2 19 04.5 31 34.5 B 4   12777  1  1 1  4.1    0.2    1.2    1.2
 619 492  272 11 =Per  5  2 21 50.  34 26.  B 5   13531  1  1 1  3.9   31.6   -6.5   26.9
 620 493  273 11 =Per  6  2 23 33.  30 36.5 B 4   14632  1  1 1  4.1    0.9    1.8    2.0
 621 494  274 11 =Per  7  2 26 17.  30 05.  B 2   15863  1  1 1  1.8   14.3   -0.1   12.4
 622 495  275 11 =Per  8  2 27 04.5 27 59.  B 5   16335  1  1 1  4.4   -1.5    0.8    1.6
 623 496  276 11 =Per  9  2 28 13.5 27 55.  B 5:  16826  1  1 1  4.3   -2.4    0.6    2.2
 624 497  277 11 =Per 10  2 29 15.  27 14.  B 3.  17358  1  1 1  3.0   -0.5    1.5    1.6
 625 498  278 11 =Per 11  2 22 06.  26 04.  B 4.  14668  1  1 1  3.8    1.2   -0.5    1.2
 626 499  279 11 =Per 12  2 20 37.  22 22.  B 3   14576  1  1 1  2.1   -0.5    1.0    1.1
 627 500  280 11 =Per 13  2 20 31.  20 54.  B 5   14817  1  1 1  4.6   17.3    1.4   16.2
 628 501  281 11 =Per 14  2 19 18.  20 33.  B 4   14354  1  1 1  3.3    2.5   -0.3    2.3
 629 502  282 11 =Per 15  2 18 20.  21 35.  B 4   13879  1  1 1  4.7    0.7    6.5    6.5
 630 503  283 11 =Per 16  3 06 13.5 28 22.5 B 5:  20070  1  1 1  4.6    1.4    1.9    2.2
 631 504  284 11 =Per 17  3 04 11.5 28 50.  B 4.  19167  1  1 1  4.2    0.1    0.4    0.4
 632 505  285 11 =Per 18  3 03 55.  26 11.  B 5:  19343  1  1 1  4.0    1.1    0.3    1.0
 633 506  286 11 =Per 19  3 05 14.  26 39.  B 4   19812  1  1 1  4.1    0.0    0.5    0.5
 634 507  287 11 =Per 20  3 06 00.  24 35.  B 6:  20354  1  1 1  4.8    3.2   -0.7    3.0
 635 508  288 11 =Per 21  3 08 01.  18 56.  B 5:  21476  1  1 1  4.2    0.0    1.4    1.4
 636 509  289 11 =Per 22  2 28 11.  22 06.  B 4   17529  1  1 1  3.8    4.8    0.3    4.5
 637 510  290 11 =Per 23  3 00 08.  19 04.  B 3   18532  1  1 1  2.9   -1.1    0.1    1.1
 638 511  291 11 =Per 24  2 29 23.5 14 53.5 B 5   18614  1  1 1  4.0    1.0    0.2    1.0
 639 512  292 11 =Per 25  2 25 33.  12 08.  B 4   17448  1  1 1  3.8    1.7    0.3    1.7
 640 513  293 11 =Per 26  2 27 36.  11 17.5 B 3   18246  1  1 1  2.8   -2.5   -0.3    2.4
 641 514  294 11 =Per 27  2 26 45.  42 26.  B 5.  13665  1  0 4  5.6   -1.3   -2.7    2.9
 642 515  295 11 =Per 28  3 02 32.  29 31.  B 5.  18453  1  1 1  5.3   -1.9    1.7    2.3
 643 516  296 11 =Per 29  2 16 16.  20 53.  B 4.  13254  1  1 1  4.2   -0.4    2.1    2.1
 644   0  297 11 =Per 30  3 02 18.  45 10.  B 6   16292  4  2 4  5.1 -170.8 -599.7  613.7
 645   0  298 11 =Per 31  3 04 12.  48 07.  B 6   16281  4  0 1  4.6 -208.2 -580.6  599.9
 646   0  299 11 =Per 32  3 04 41.  49 27.  B 6   16228  4  0 4  4.2 -219.4 -598.0  618.0
 647   0  300 11 =Per 33  3 06 25.  53 37.  B 6   15890  4  2 4  5.1 -238.2 -574.9  595.7
 648 517  301 12 =Aur  1  3 23 38.  32 15.  B 6   27949  1  1 1  5.0   -3.7   -2.0    3.7
 649 518  302 12 =Aur  2  3 24 14.  30 50.  B 4   28358  1  1 1  3.7    6.2   -1.5    5.6
 650 519  303 12 =Aur  3  3 16 16.  22 50.5 B 1   24608  1  1 1  0.1    1.1    1.1    1.5
 651 520  304 12 =Aur  4  3 25 52.  21 27.5 B 2.  28360  1  1 1  1.9  -91.2   -0.1   84.9
 652 521  305 12 =Aur  5  3 24 28.  13 44.  B 4:  28380  1  1 1  2.7   -5.9   -0.2    5.7
 653 522  306 12 =Aur  6  3 13 09.  20 52.  B 4   23416  1  1 1  3.0    7.5    1.6    7.2
 654 523  307 12 =Aur  7  3 13 05.5 18 08.5 B 4.  23453  1  1 1  3.7   -1.5    0.7    1.6
 655 524  308 12 =Aur  8  3 13 49.5 18 11.5 B 4.  23767  1  1 1  3.2    3.1    2.9    4.1
 656 525  309 12 =Aur  9  3 11 04.5 10 22.  B 4   23015  1  1 1  2.7   -0.2    2.3    2.3
 657   0  310 12 =Aur 10  3 24 25.5 27 27.  B 5   28343  1  1 4  5.9   -6.6  -61.0   61.3
 658   0  311 12 =Aur 11  3 16 52.5 18 34.5 B 6   25048  1  1 1  5.2    3.5   -0.6    3.4
 659   0  312 12 =Aur 12  3 16 06.  16 59.  B 5   24813  1  1 1  4.7    7.5   -0.6    7.2
 660   0  313 12 =Aur 13  3 14 58.  15 21.5 B 5   24340  1  1 1  4.8    2.2    1.4    2.5
 661   0  314 12 =Aur 14  3 17 09.  14 04.  B 6   25292  1  1 1  5.0    3.0    3.0    4.2
 662   0  315 12 =Aur 15  3 12 00.  15 03.  B 5   23179  1  1 1  4.9    3.9    0.6    3.8
 663   0  316 12 =Aur 16  3 22 12.5 15 42.5 B 5   27483  1  1 1  4.5    2.8    0.3    2.7
 664   0  317 12 =Aur 17  3 22 24.0 15 43.0 B 5   27673  2  1 1  4.0   18.9   -2.8   18.4
 665   0  318 12 =Aur 18  3 22 35.  13 49.  B 6   27639  1  1 1  4.7    0.5    1.0    1.1
 666   0  319 12 =Aur 19  3 16 39.5 11 15.0 B 5   24879  1  3 4  5.1  -39.3  -29.5   48.5
 667   0  320 12 =Aur 20  3 18 34.   8 51.  B 5   25984  1  1 1  4.7    1.7   -0.7    1.8
 668   0  321 12 =Aur 21  3 10 04.5 14 51.  B 5   22453  1  1 1  4.9    2.9    0.6    2.9
 669   0  322 12 =Aur 22  3 10 31.  14 02.  B 5   22678  1  1 1  4.8    3.9   -0.9    3.8
 670   0  323 12 =Aur 23  3 27 47.   6 04.  B 4   29696  1  1 1  4.3    1.1    0.9    1.4
 671   0  324 12 =Aur 24  3 22 58.   4 06.  B 4   27830  1  1 1  4.6   -1.1    1.8    2.1
 672   0  325 12 =Aur 25  3 23 58.   2 26.  B 4   28237  1  1 1  4.8    0.8    1.8    2.0
 673   0  326 12 =Aur 26  3 19 52.5  2 28.  B 4   26640  1  1 1  5.2   -0.3    1.3    1.3
 674   0  327 12 =Aur 27  3 21 55.   1 06.  B 4   27468  1  1 1  4.9    0.9    0.0    0.9
 688 540  328 13 =Oph  1  9 16 50.  35 57.  B 3   86032  1  1 1  2.1    1.6   -2.3    2.7
 689 541  329 13 =Oph  2  9 19 45.  28 01.  B 3   86742  1  1 1  2.8    1.4   -2.5    2.8
 690 542  330 13 =Oph  3  9 21 05.  26 11.  B 3.  87108  1  1 1  3.8   -1.0   -0.7    1.1
 691 543  331 13 =Oph  4  9 04 59.5 32 35.5 B 4.  82673  1  1 1  4.4    4.9   -2.0    4.6
 692 544  332 13 =Oph  5  9 06 16.  31 56.  B 4   83000  1  1 1  3.2    1.0   -2.5    2.6
 693 545  333 13 =Oph  6  9 00 03.  23 39.5 B 4   80883  1  1 1  3.8   -1.8   -2.7    3.2
 694 546  334 13 =Oph  7  8 26 44.5 17 19.  B 3   79593  1  1 1  2.7   -0.8   -0.7    1.0
 695 547  335 13 =Oph  8  8 27 57.  16 30.5 B 3.  79882  1  1 1  3.2   -1.4   -1.6    2.1
 696 548  336 13 =Oph  9  9 19 33.  15 19.  B 4   86284  1  1 1  4.6  -48.0   -3.0   46.4
 697 549  337 13 =Oph 10  9 24 13.5 13 47.  B 4   88048  1  1 1  3.3   -2.3   -3.2    3.9
 698 550  338 13 =Oph 11  9 25 14.5 15 20.  B 5   88404  1  1 1  4.8   -1.2   -1.2    1.7
 699 551  339 13 =Oph 12  9 12 24.   7 18.  B 3   84012  1  1 1  2.4   -0.2   -3.7    3.7
 700 552  340 13 =Oph 13  9 03 39.  11 30.  B 3   81377  1  1 1  2.5    0.4   -3.7    3.7
 701 553  341 13 =Oph 14  9 14 23.   2 12.  B 3   84893  1  0 1  4.4   55.4   -6.5   55.7
 702 554  342 13 =Oph 15  9 26 31.  33 02.5 B 4.  88771  1  1 1  3.7    5.2   -0.6    4.4
 703   0  343 13 =Oph 16  8 16 48.  26 36.5 B 4   77257  1  1 1  4.4    2.8   -0.7    2.6
 704   0  344 13 =Oph 17  9 14 49.  10 21.  B 4   84880  1  1 1  4.3   -5.6   -2.1    5.9
 705   0  345 13 =Oph 18  9 18 57.   8 04.  B 3   86263  1  1 1  3.5    1.9   -4.4    4.7
 706   0  346 13 =Oph 19  9 19 48.  10 35.  B 4   86565  1  1 1  4.2    2.0   -2.1    2.8
 707   0  347 13 =Oph 20  9 18 45.  15 18.  B 4   86284  6  1 1  4.6    0.0   -2.0    2.0
 708   0  348 13 =Oph 21  9 00 57.  13 19.  B 5   80628  1  1 1  4.6    2.3   -3.2    3.9
 709   0  349 13 =Oph 22  9 24 30.  27 55.  B 4   88149  1  1 1  4.8    0.4   -3.3    3.3
 710   0  350 13 =Oph 23  9 24 38.  26 23.  B 4   88192  1  1 1  3.9   -1.2    2.4    2.7
 711   0  351 13 =Oph 24  9 24 53.  24 50.  B 4   88290  1  1 1  4.4    1.8   -2.2    2.7
 712   0  352 13 =Oph 25  9 25 58.  26 10.  B 4   88601  1  1 1  4.0   -1.9   -4.5    4.9
 676   0  353 13 =Oph 26  9 14 01.   2 16.  B 3   84893  6  0 1  4.4   77.4  -10.5   78.0
 677   0  354 13 =Oph 27  9 15 42.   1 32.  B 4   85207  3  0 5  5.8   31.1   16.1   35.0
 678   0  355 13 =Oph 28  9 16 23.   0 20.  B 4   84970  3  0 5  3.3  -33.4 -127.3  131.6
 679   0  356 13 =Oph 29  9 17 12.   0 29.  B 5   85340  3  0 5  4.2  -26.2  -82.7   86.7
 680   0  357 13 =Oph 30  9 17 36.   0 58.  B 5   85755  3  0 5  4.8   18.2  -95.8   97.5
 681   0  358 13 =Oph 31  9 16 50.   7 10.  B 5          5  0 4  0.0    0.0    0.0    0.0
 682   0  359 13 =Oph 32  9 21 45.   4 20.  B 6          5  0 4  0.0    0.0    0.0    0.0
 683   0  360 13 =Oph 33  9 00 07.  23 34.  B 5   80883  6  1 1  3.8   -5.8    2.8    6.0
 684   0  361 13 =Oph 34  9 15 00.  10 18.  B 5   84880  6  1 1  4.3  -16.6    0.9   16.4
 685   0  362 13 =Oph 35  9 19 02.   8 05.  B 4   86263  6  1 1  3.5   -3.1   -5.4    6.2
 686   0  363 13 =Oph 36  9 20 04.  10 40.  B 5   86565  6  1 1  4.2  -14.0   -7.1   15.5
 687   0  364 13 =Oph 37  9 19 05.  15 06.  B 5   86284  6  1 1  4.6  -20.0   10.0   21.8
 713 555  365 14 =Ser  1  8 11 35.  38 12.  B 5.  76852  1  1 1  4.5    0.3   -2.9    2.9
 714 556  366 14 =Ser  2  8 14 24.5 39 06.5 B 3.  77661  2  1 1  4.7  -28.7   56.1   60.3
 715 557  367 14 =Ser  3  8 17 06.5 35 25.  B 3   78072  1  1 1  3.8    0.0   -2.9    2.9
 716 558  368 14 =Ser  4  8 14 21.5 34 27.5 B 3:  77233  1  1 1  3.7   -0.6   -5.2    5.2
 717 559  369 14 =Ser  5  8 15 10.  37 28.5 B 4   77450  1  1 1  4.1  -58.8  -18.7   50.3
 718 560  370 14 =Ser  6  8 16 32.  42 37.  B 4.  78554  1  1 1  4.8    0.3   -7.4    7.4
 719 561  371 14 =Ser  7  8 12 46.5 28 58.  B 3:  76276  1  1 1  3.8   -0.6   -2.6    2.6
 720 562  372 14 =Ser  8  8 16 30.  25 35.  B 2   77070  1  1 1  2.6   -1.3   -2.4    2.7
 721 563  373 14 =Ser  9  8 18 46.5 24 05.5 B 3   77622  1  1 1  3.7   -2.3   -3.0    3.7
 722 564  374 14 =Ser 10  8 20 26.5 16 26.5 B 4   77516  1  1 1  3.5   -4.1   -9.2   10.0
 723 565  375 14 =Ser 11  9 24 34.5 19 57.  B 3   88175  1  1 1  4.6   -1.9   -8.6    8.8
 724 566  376 14 =Ser 12 10 00 12.5 20 37.5 B 3.  89962  1  1 1  3.2   -1.6   -3.8    4.1
 725 567  377 14 =Ser 13 10 10 10.  26 59.  B 3   92946  1  1 1  4.6    1.4   -3.6    3.8
 726 568  378 15 =Sge  1 11 01 32.  39 13.  B 4   98337  1  1 1  3.5   -2.4    0.7    2.0
 727 569  379 15 =Sge  2 10 27 55.  38 58.5 B 5.  97365  1  1 1  3.7   -4.3   -1.3    3.6
 728 570  380 15 =Sge  3 10 28 31.  39 31.  B 6   97496  1  1 1  5.0   -1.2   -3.7    3.8
 729 571  381 15 =Sge  4 10 25 30.5 38 53.  B 4.  96757  1  1 1  4.4    1.0   -2.8    2.9
 730 572  382 15 =Sge  5 10 25 39.  38 18.  B 4   96837  1  1 1  4.4    0.6   -2.1    2.2
 731   0  383 15 =Sge  6 11 00 13.  42 43.  B 4   97679  1  1 1  4.9    2.0   -0.8    1.7
 732   0  384 15 =Sge  7 11 01 36.  44 02.  B 4   97886  1  1 1  4.6   -6.1   -3.5    5.6
 733   0  385 15 =Sge  8 10 23 57.  46  3.  B 4   95771  2  1 1  4.4    2.5   -8.4    8.6
 734 573  386 16 =Aql  1 10 29 28.5 27 08.5 B 6   98823  1  1 1  5.5    0.3   -4.9    4.9
 735 574  387 16 =Aql  2 10 26 53.  26 49.5 B 3   98036  1  1 1  3.7   -0.3   -4.2    4.3
 736 575  388 16 =Aql  3 10 26 09.  29 21.5 B 2:  97649  1  1 1  0.8   -0.1   -2.5    2.5
 737 576  389 16 =Aql  4 10 25 33.  30 54.5 B 6   97675  3  1 1  5.1   66.0   -2.6   56.7
 738 577  390 16 =Aql  5 10 25 26.  31 18.  B 3   97278  1  1 1  2.7   -2.8   -0.8    2.5
 739 578  391 16 =Aql  6 10 26 08.5 31 59.  B 5.  97473  1  1 4  5.8   14.0   21.2   24.3
 740 579  392 16 =Aql  7 10 21 16.5 28 46.5 B 4.  96229  1  1 1  4.4   -2.5   -3.2    3.9
 741 580  393 16 =Aql  8 10 22 14.  26 35.  B 5:  96665  1  1 1  5.2    1.1   -3.8    3.9
 742 581  394 16 =Aql  9 10 14 15.5 36 16.5 B 3:  93747  1  1 1  3.0   -0.8   -1.9    2.0
 743 582  395 16 =Aql 10 10 12 44.  37 40.  B 3   93244  1  1 1  4.0   -1.0   -2.6    2.7
 744 583  396 16 =Aql 11 10 09 12.  43 32.5 B 4   92043  1  1 1  4.2    2.0   -3.2    3.5
 745 584  397 16 =Aql 12 10 09 17.5 41 05.  B 4   92161  1  1 1  4.3    0.3   -1.8    1.8
 746 585  398 17 =Atn  1 10 29 21.5 18 48.  B 3   99473  1  1 1  3.2   -0.4   -1.9    1.9
 747 586  399 17 =Atn  2 10 20 17.5 20 14.5 B 3   96468  1  1 1  4.4   -0.8  -11.0   11.1
 748 587  400 17 =Atn  3 10 19 17.  14 28.  B 3   96483  1  1 1  4.9    0.5   -4.5    4.5
 749   0  401 17 =Atn  4 10 18 01.  24 56.  B 3   95501  1  1 1  3.4    1.9   -4.5    4.8
 750   0  402 17 =Atn  5 10 24 50.  21 38.  B 3   97804  1  1 1  3.9    2.6   -4.0    4.6
 751   0  403 17 =Atn  6 10 11 46.  17 41.  B 3   93805  1  1 1  3.4    0.4   -3.6    3.6
 752   0  404 17 =Atn  7 10 10 29.  16 57.  B 4   93429  1  1 1  4.0    0.2   -3.1    3.1
 753 588  405 18 =Del  1 11 08 32.  29 08.  B 3  101421  1  1 1  4.0   -1.2   -1.3    1.7
 754 589  406 18 =Del  2 11 09 48.  28 52.5 B 6  101800  1  1 1  5.4   -1.8   -1.0    1.8
 755 590  407 18 =Del  3 11 09 42.  27 34.  B 6. 101916  1  1 1  5.1   -2.3   -1.9    2.8
 756 591  408 18 =Del  4 11 10 56.  31 57.5 B 3  101769  1  1 1  3.6   -8.9    0.1    7.6
 757 592  409 18 =Del  5 11 11 50.5 33 05.  B 3  101958  1  1 1  3.8   -0.6   -1.7    1.7
 758 593  410 18 =Del  6 11 13 36.5 32  0.  B 3  102281  2  1 1  4.4  -61.9   -1.2   52.5
 759 594  411 18 =Del  7 11 13 52.  32 47.  B 3  102532  1  1 1  4.3   -1.7   -1.8    2.3
 760 595  412 18 =Del  8 11 10 17.  32 08.5 B 5: 101589  1  1 1  4.6   -4.5    2.8    4.7
 761 596  413 18 =Del  9 11 09 18.  30 41.5 B 6  101483  1  1 1  5.4   -1.7    1.0    1.8
 762 597  414 18 =Del 10 11 10 42.  30 41.  B 6  101882  1  1 1  5.7   -1.6   -2.4    2.7
 763 598  415 19 =Equ  1 11 17 32.5 20 12.5 B 4  104987  1  1 1  3.9    1.2   -2.8    3.0
 764 599  416 19 =Equ  2 11 19 54.5 21 06.  B 4  105570  1  1 1  5.2   -1.9   -2.6    3.1
 765 600  417 19 =Equ  3 11 17 54.  25 16.  B 4  104521  1  1 1  4.7   -1.2   -2.3    2.5
 766 601  418 19 =Equ  4 11 18 54.5 24 52.  B 4  104858  1  1 1  4.5   -0.3   -4.4    4.4
 767 602  419 20 =Peg  1 11 26 22.  22 07.5 B 3  107315  1  1 1  2.4   -2.1   -0.2    1.9
 768 603  420 20 =Peg  2 12 01 15.5 16 25.  B 4: 109427  1  1 1  3.5   -0.7   -3.0    3.1
 769 604  421 20 =Peg  3 11 29 45.5 15 43.  B 5  109068  1  1 1  4.9   -1.1   -0.8    1.3
 770 605  422 20 =Peg  4 12 13 00.  14 30.5 B 6  113186  1  1 1  4.9    0.2   -0.6    0.6
 771 606  423 20 =Peg  5 12 12 44.  15 43.5 B 6. 112935  1  1 1  5.2   -1.3    0.2    1.3
 772 607  424 20 =Peg  6 12 10 39.5 17 41.  B 3  112029  1  1 1  3.4   -4.0    0.6    3.9
 773 608  425 20 =Peg  7 12 12 25.  18 29.  B 5  112447  1  1 1  4.2   -1.4   -0.7    1.5
 774 609  426 20 =Peg  8 12 03 23.  36 42.5 B 4  107354  1  1 1  4.1    0.7   -3.2    3.3
 775 610  427 20 =Peg  9 12 08 50.  34 19.  B 4  109176  1  1 1  3.8    0.2   -2.4    2.4
 776 611  428 20 =Peg 10 12 14 03.  41 00.5 B 4  109410  1  1 1  4.3   -1.3   -1.1    1.5
 777 612  429 20 =Peg 11 12 17 29.5 28 49.  B 4. 112440  1  1 1  4.0    1.0   -0.8    1.2
 778 613  430 20 =Peg 12 12 18 53.5 29 24.5 B 4. 112748  1  1 1  3.5   -3.6   -0.5    3.1
 779 614  431 20 =Peg 13 12 20 10.5 35 07.5 B 3  112158  1  1 1  2.9    0.4   -0.8    0.9
 780 615  432 20 =Peg 14 12 19 25.  34 24.5 B 5  112051  1  1 1  4.8   -2.1    0.8    1.9
 781 616  433 20 =Peg 15 12 25 33.  25 35.  B 6  115250  1  1 1  4.6   -2.5   -1.0    2.5
 782 617  434 20 =Peg 16 12 27 06.  24 50.5 B 6  115623  1  1 1  4.4  -41.6   -2.8   37.8
 783 618  435 20 =Peg 17 12 17 56.5 19 26.  B 2  113963  1  1 1  2.5   -0.7   -1.1    1.3
 784 619  436 20 =Peg 18 12 23 49.  31 07.5 B 2  113881  1  1 1  2.4   -0.6    0.5    0.7
 785 620  437 20 =Peg 19  1 03 38.  12 35.  B 2    1067  1  1 1  2.8   -2.1    0.3    2.1
 786   0  438 20 =Peg 20 12 06 28.  20 51.  B 4  110386  1  1 1  4.8   -3.8    0.8    3.6
 787   0  439 20 =Peg 21 11 24 51.  33 21.  B 4  105502  1  1 1  4.1   -5.6   -2.7    5.4
 788   0  440 20 =Peg 22 11 28 47.  36 11.  B 4  106140  1  1 1  4.5  -11.2   -1.3    9.1
 789   0  441 20 =Peg 23 12 15 15.  23 16.  B 4  112997  1  0 4  5.9   39.7  -72.4   81.2
 790 621  442 21 =And  1  1 08 47.  25 42.  B 2     677  1  1 1  2.1   -1.6   -0.8    1.6
 791 622  443 21 =And  2  1 17 06.5 27 06.5 B 5    2912  1  1 1  4.3    1.5    1.1    1.7
 792 623  444 21 =And  3  1 15 25.  23 03.5 B 4    3031  1  1 1  4.3   -0.2   -2.6    2.6
 793 624  445 21 =And  4  1 14 58.  31 33.  B 5    1473  1  1 1  4.5   -5.8    1.6    5.2
 794 625  446 21 =And  5  1 15 45.5 33 20.5 B 4.   1366  1  1 1  4.6   -5.3    1.3    4.6
 795 626  447 21 =And  6  1 16 07.  32 14.5 B 5    1686  1  1 1  5.2   -1.8    7.6    7.8
 796 627  448 21 =And  7  1 10 28.  40 56.5 B 4  116631  1  1 1  4.3    5.3    4.3    5.9
 797 628  449 21 =And  8  1 11 46.  41 44.  B 4  116805  1  1 1  4.2   -0.1   -1.7    1.7
 798 629  450 21 =And  9  1 14 23.  42 08.  B 5. 117221  1  1 1  5.0    1.9   47.7   47.7
 799 630  451 21 =And 10  1 12 47.  43 49.5 B 4  116584  1  1 1  3.8   -0.2   -1.2    1.2
 800 631  452 21 =And 11  1 15 09.  17 48.  B 4    3693  1  1 1  4.1   -6.6  -11.9   13.4
 801 632  453 21 =And 12  1 16 53.5 15 58.  B 5    4463  1  1 1  4.4   -3.9   -3.4    5.1
 802 633  454 21 =And 13  1 24 49.  25 59.  B 2    5447  1  1 1  2.1    1.6   -3.0    3.3
 803 634  455 21 =And 14  1 24 06.5 30 33.5 B 4:   4436  1  1 1  3.9  -29.8  -55.5   61.2
 804 635  456 21 =And 15  1 23 36.  32 30.5 B 4    3881  1  1 1  4.5    0.4    1.7    1.7
 805 636  457 21 =And 16  2 08 39.  27 46.5 B 2    9640  1  1 1  2.1    1.3    0.0    1.2
 806 637  458 21 =And 17  2 09 06.5 36 49.5 B 5    8068  1  1 1  4.0   -3.6   -0.7    3.0
 807 638  459 21 =And 18  2 06 52.  35 21.5 B 4    7607  1  1 1  3.6    1.8    2.0    2.4
 808 639  460 21 =And 19  2 05 06.  28 59.  B 5    7918  1  1 4  5.0  -38.3   43.8   55.1
 809 640  461 21 =And 20  2 03 23.  27 54.5 B 5:   7818  1  1 1  5.0   -1.8   -0.6    1.7
 810 641  462 21 =And 21  2 00 56.  36 20.  B 5.   5434  1  1 1  4.3   -3.1    0.2    2.5
 811 642  463 21 =And 22 12 24 00.  57 19.  B 4  107533  1  1 4  4.2 -138.4  -22.9   78.5
 812 643  464 21 =And 23  1 16 19.5 24 20.  B 3    3092  1  1 1  3.3   -4.0    0.5    3.7
 813 644  465 22 =Tri  1  2 01 19.  16 49.5 B 4    8796  1  1 1  3.4   -0.2   -2.1    2.1
 814 645  466 22 =Tri  2  2 06 49.5 20 33.  B 4:  10064  1  1 1  3.0   -2.6    0.2    2.4
 815 646  467 22 =Tri  3  2 07 59.  19 29.  B 5   10644  1  1 1  4.8   -3.2   -7.9    8.4
 816 647  468 22 =Tri  4  2 07 58.  18 57.  B 4   10670  1  1 1  4.0   -0.5   -2.0    2.0
 483 527  469 23 =Com  1  6 18 17.  28 25.  B 3.  60742  1  1 1  4.3    0.9   -0.4    0.9
 484 540  470 23 =Com  2  6 28 15.  28 32.  B 5          5  0 4  0.0    0.0    0.0    0.0
 485 528  471 23 =Com  3  6 18 42.  27 23.5 B 4   60697  1  1 1  4.9   -1.1    3.6    3.7
 486 529  472 23 =Com  4  6 18 46.  27 20.  B 4   60746  4  1 1  5.0   16.1  -13.2   19.5
 487 530  473 23 =Com  5  6 19 19.  27  7.  B 4   60904  4  1 1  5.3   36.3  -37.8   49.8
 488 531  474 23 =Com  6  6 18 25.  25 51.  B 4   60351  1  1 1  4.8    5.7   -3.6    6.3
 489 532  475 23 =Com  7  6 18 48.5 26 07.  B 4   60514  1  1 1  5.2   -0.8    4.7    4.8
 490 533  476 23 =Com  8  6 18 00.  23 30.  B 4   59847  1  1 1  4.9    2.7   -1.8    3.1
 491 534  477 23 =Com  9  6 21 10.  25 16.  B 4   61071  1  1 1  5.5   -6.9   13.1   14.5
 492 535  478 23 =Com 10  6 20 51.  24 56.  B 4   60941  1  1 1  5.5    4.3   -0.9    4.0
 493 536  479 23 =Com 11  6 22 52.  24 00.5 B 4.  61394  1  1 1  4.8   -0.4    6.8    6.8
 494 537  480 23 =Com 12  6 28 58.5 32 46.  B 4:  64394  1  1 1  4.2   -3.9  -17.7   18.0
 495 538  481 23 =Com 13  6 27 49.5 31 42.  B 4   64022  1  1 1  4.8   -1.8    7.9    8.1
 496 539  482 23 =Com 14  6 24 17.  30 16.  B 4   62763  1  1 1  4.9   -0.7   -3.3    3.4
   0   0  483 23 =Com 15  6 28 15.  28 32.  B 5          6  0 0  0.0    0.0    0.0    0.0
   1   1  484 24 =Ari  1  1 27 37.   7 08.5 B 4:   8832  1  1 1  3.9    0.0    0.1    0.1
   2   2  485 24 =Ari  2  1 28 23.   8 29.  B 4:   8903  1  1 1  2.6    1.1   -0.8    1.3
   3   3  486 24 =Ari  3  2 02 06.   9 57.  B 3.   9884  1  1 1  2.0   -0.8    0.2    0.8
   4   4  487 24 =Ari  4  2 02 34.   7 23.  B 6:  10306  1  1 1  5.2   -1.2   -0.4    1.3
   5   5  488 24 =Ari  5  2 03 20.   5 42.5 B 6:  10732  1  1 1  5.6   -1.4    0.7    1.6
   6   6  489 24 =Ari  6  1 27 57.   5 24.  B 5:   9110  1  1 1  5.1    0.0    2.1    2.1
   7   7  490 24 =Ari  7  2 08 36.   6 07.  B 6:  12332  1  1 1  5.4   -1.6    0.8    1.8
   8   8  491 24 =Ari  8  2 12 57.   4 08.5 B 5   13914  1  1 1  4.6   -1.0   -0.5    1.1
   9   9  492 24 =Ari  9  2 15 15.   1 46.5 B 4   14838  1  1 1  4.3    1.1    0.7    1.3
  10  10  493 24 =Ari 10  2 16 24.   2 50.  B 5   15110  1  1 1  4.9   -1.2    1.3    1.8
  11  11  494 24 =Ari 11  2 17 50.5  2 36.  B 6   15627  1  1 1  5.3   -0.9   -1.9    2.1
  12  12  495 24 =Ari 12  2 11 22.   1 12.  B 6   13702  1  1 1  5.6   -1.9   -1.7    2.5
  13  13  496 24 =Ari 13  2 09 35.   1 07.  B 6   13165  1  1 1  5.3   -0.9   -1.0    1.3
  14  14  497 24 =Ari 14  2 09 23.   1 30.  A 6   13327  1  1 1  5.5   -0.7   10.2   10.2
  15  15  498 24 =Ari 15  2 07 52.   0 39.  A 6   12803  1  1 1  5.8   -1.5    2.0    2.5
  16  16  499 24 =Ari 16  2 08 46.   4 01.  B 6   12640  1  1 1  5.7   -0.2    0.5    0.6
  17  17  500 24 =Ari 17  2 01 41.   9 13.  B 6    9836  1  1 1  5.0    0.0    0.1    0.1
  18  18  501 24 =Ari 18  2 10 35.  10 50.5 B 5.  12489  1  1 1  5.3   -0.9    0.7    1.1
  19  19  502 24 =Ari 19  2 11 23.  11 16.  B 4   12719  1  1 1  4.7   -0.6    0.5    0.8
  20  20  503 24 =Ari 20  2 12 40.  10 24.  B 3.  13209  1  1 1  3.6   -1.8    1.4    2.2
  21  21  504 24 =Ari 21  2 12 51.  12 25.5 B 4   13061  1  1 1  4.5   -3.3    2.0    3.8
  22  22  505 25 =Tau  1  2 18 00.   5 57.  A 5   16369  1  1 1  4.1    1.1   -0.5    1.3
  23  23  506 25 =Tau  2  2 17 30.   7 29.  A 6:  16322  1  1 1  5.1    1.2    0.0    1.2
  24  24  507 25 =Tau  3  2 16 18.   8 49.5 A 4   16083  1  1 1  3.7    2.0   -0.7    2.1
  25  25  508 25 =Tau  4  2 15 35.5  9 22.5 A 4   15900  1  1 1  3.6    0.5    0.3    0.6
  26  26  509 25 =Tau  5  2 21 46.   8 41.  A 5   17771  1  1 1  5.1    0.4    0.0    0.4
  27  27  510 25 =Tau  6  2 25 01.   8 03.  A 4   18724  1  1 1  3.4    2.8    2.6    3.8
  28  28  511 25 =Tau  7  2 27 59.  12 13.5 A 4   19860  1  1 1  4.3    1.4   -0.3    1.4
  29  29  512 25 =Tau  8  2 24 19.  14 30.5 A 4   18907  1  1 1  3.9    1.6    0.6    1.7
  30  30  513 25 =Tau  9  3 04 09.   9 32.  A 5   21589  1  1 1  4.3    1.4   -0.9    1.7
  31  31  514 25 =Tau 10  3 03 11.  11 48.  A 5   21402  1  1 1  4.2    2.1    1.0    2.3
  32  32  515 25 =Tau 11  3 00 12.   5 46.5 A 3   20205  1  1 1  3.7    1.4   -0.1    1.4
  33  33  516 25 =Tau 12  3 01 16.5  4 02.  A 3   20455  1  1 1  3.8    0.9    1.2    1.5
  34  34  517 25 =Tau 13  3 02 22.   5 53.  A 4   20894  1  3 1  3.4    0.8    0.0    0.8
  35  35  518 25 =Tau 14  3 04 12.5  5 31.  A 1.  21421  1  1 1  0.9    0.4    1.3    1.3
  36  36  519 25 =Tau 15  3 02 53.   2 36.5 A 3   20889  1  1 1  3.5    0.1   -0.2    0.2
  37  37  520 25 =Tau 16  3 08 12.   3 40.  A 6   22565  1  1 1  5.1   -1.4   -1.0    1.7
  38  38  521 25 =Tau 17  3 12 13.5  2 30.5 A 6   23871  1  1 1  5.3   -0.9   -0.6    1.1
  39  39  522 25 =Tau 18  3 11 04.   1 49.5 A 4.  23497  1  1 1  4.6    8.7   34.8   35.8
  40  40  523 25 =Tau 19  3 19 12.   2 14.  A 3   26451  1  1 1  3.0    0.9   -0.8    1.2
  41  41  524 25 =Tau 20  3 06 35.   0 40.  B 5   21881  1  1 1  4.3    0.1   -0.1    0.2
  42  42  525 25 =Tau 21  3 16 59.5  5 20.  B 2   25428  1  1 1  1.6    0.8    1.1    1.4
  43  43  526 25 =Tau 22  3 02 54.   1 04.  B 5   20711  1  1 1  4.3    1.3   -0.2    1.3
  44  44  527 25 =Tau 23  3 02 38.   0 35.  B 4   20635  1  1 1  4.2   -0.5    0.0    0.5
  45  45  528 25 =Tau 24  2 27 51.   1 12.  B 5   19038  1  1 1  4.4    1.7    1.2    2.1
  46  46  529 25 =Tau 25  3 00 28.5  0 46.5 A 6   19990  1  1 1  4.9    1.2   -1.2    1.7
  47  47  530 25 =Tau 26  3 00 04.   5 16.  B 6   19513  1  1 1  5.4    1.6    0.4    1.7
  48  48  531 25 =Tau 27  2 29 45.5  7 55.  B 5   19205  1  1 1  5.2   -1.2   -0.9    1.5
  49  49  532 25 =Tau 28  3 02 34.   3 57.  B 5   20430  1  1 1  5.4   -1.2    1.4    1.9
  50  50  533 25 =Tau 29  3 02 25.5  5 45.5 B 5.  20250  1  1 1  5.0   -4.6    0.1    4.6
  51  51  534 25 =Tau 30  2 23 13.5  4 11.  B 5   17499  1  1 1  3.7   37.1   -2.1   37.1
  52  52  535 25 =Tau 31  2 24 03.   4 02.  B 6.  17608  1  1 1  4.1    4.8   -7.2    8.6
  53  53  536 25 =Tau 32  2 24 24.   4 00.  B 3   17702  1  1 1  2.8    1.4    0.5    1.5
  54  54  537 25 =Tau 33  2 24 47.   3 55.  B 5   17847  1  1 1  3.6    0.3   -2.5    2.5
  55  55  538 25 =Tau 34  2 19 57.  13 30.  A 6   17563  1  1 1  5.3    1.8   -0.4    1.8
  56  56  539 25 =Tau 35  3 00 10.  12 02.  A 6.  20522  1  1 1  5.1    0.9    0.4    1.0
  57  57  540 25 =Tau 36  3 01 58.5  8 41.  A 5   20901  1  1 1  5.0    0.2    0.2    0.3
  58  58  541 25 =Tau 37  3 01 42.   6 56.5 A 5   20732  1  1 1  4.7    1.0   -0.5    1.1
  59  59  542 25 =Tau 38  3 03 28.   7 04.5 A 5   21273  1  1 1  4.7    0.1   -0.8    0.8
  60  60  543 25 =Tau 39  3 04 55.   6 17.5 A 5   21683  4  2 1  4.7    0.7    4.7    4.8
  61  61  544 25 =Tau 40  3 15 02.   1 04.  A 6   24822  1  1 1  5.0   -1.9    0.8    2.0
  62  62  545 25 =Tau 41  3 16 55.5  1 20.  A 6   25539  1  1 1  4.9    0.1   -0.6    0.6
  63  63  546 25 =Tau 42  2 17 33.   9 34.5 A 6   16511  1  1 1  5.8    0.7    3.7    3.8
  64  64  547 25 =Tau 43  2 29 22.5  6 33.  B 5   19171  1  1 1  5.2   -0.3    0.0    0.3
  65  65  548 26 =Gem  1  4 14 41.  10 02.  B 2   36850  1  1 1  1.6    0.3    2.1    2.1
  66  66  549 26 =Gem  2  4 17 43.   6 38.  B 2   37826  1  1 1  1.2   -0.3    1.3    1.3
  67  67  550 26 =Gem  3  4 05 32.  10 58.  B 5   33018  1  1 1  3.6    1.1    1.1    1.5
  68  68  551 26 =Gem  4  4 09 54.   7 43.  B 4   34693  1  1 1  4.4   -1.5   -0.3    1.5
  69  69  552 26 =Gem  5  4 13 24.   5 42.5 B 4   36046  1  1 1  3.8   -0.1    0.8    0.8
  70  70  553 26 =Gem  6  4 15 47.   5 10.  B 5   36962  1  1 1  4.1   -0.5    0.9    1.0
  71  71  554 26 =Gem  7  4 18 06.   3 03.  B 4   37740  1  1 1  3.6   -0.2   -0.7    0.7
  72  72  555 26 =Gem  8  4 13 18.   2 56.  B 6   35846  1  1 1  5.0   -0.6   -0.6    0.8
  73  73  556 26 =Gem  9  4 14 10.   6 00.5 B 6   36429  1  3 4  5.0    6.1   -2.6    6.6
  74  74  557 26 =Gem 10  4 04 22.   2 11.  B 3   32246  1  1 1  3.1    0.2   -9.8    9.8
  75  75  558 26 =Gem 11  4 09 26.   2 06.5 A 3   34088  1  1 1  4.0   -0.6    1.2    1.4
  76  76  559 26 =Gem 12  4 12 56.   0 13.5 A 3   35550  1  1 1  3.5    1.1    0.0    1.1
  77  77  560 26 =Gem 13  4 13 13.   5 41.  A 4   35350  1  1 1  3.6    0.0    0.3    0.3
  78  78  561 26 =Gem 14  3 27 53.   0 58.  A 4   29655  1  1 1  3.3   -0.5    1.7    1.8
  79  79  562 26 =Gem 15  3 29 44.   0 53.  A 3   30343  1  1 1  2.9   -0.4    1.4    1.5
  80  80  563 26 =Gem 16  4 01 14.   3 08.  A 4   30883  1  1 1  4.1    0.1    1.6    1.6
  81  81  564 26 =Gem 17  4 03 31.   6 48.5 A 2   31681  1  1 1  1.9    1.2    1.3    1.8
  82  82  565 26 =Gem 18  4 05 29.5 10 09.  A 4   32362  1  1 1  3.3    9.7    1.1    9.6
  83  83  566 26 =Gem 19  4 07 56.   9 41.  A 6   33202  1  1 1  4.7   -1.2    1.0    1.6
  84  84  567 26 =Gem 20  4 06 23.   1 12.  A 6   32921  1  1 1  5.3    0.4    0.5    0.6
  85  85  568 26 =Gem 21  4 08 37.5  1 31.  B 6   33927  1  1 1  5.2    0.7   -1.4    1.6
  86  86  569 26 =Gem 22  4 19 42.   5 44.  B 6   38538  1  1 1  5.0   -1.5    0.3    1.5
  87  87  570 26 =Gem 23  4 17 04.5  7 24.  B 5   37629  1  1 1  4.2   -1.9    1.7    2.5
  88  88  571 26 =Gem 24  4 13 29.   9 42.  B 5   36366  1  1 1  4.2    1.1    2.3    2.5
  89  89  572 26 =Gem 25  3 25 22.   0 13.  A 4   28734  1  1 1  4.2    0.7    0.3    0.7
  90   0  573 26 =Gem 26  4 17 02.5  5 52.  A 6   36760  1  1 1  5.3   -1.1    1.5    1.9
  91   0  574 26 =Gem 27  4 18 06.   3 48.5 A 6   37300  1  1 1  5.0    0.5    1.1    1.2
  92   0  575 26 =Gem 28  4 19 30.5  2 42.  A 6   37908  1  1 1  4.9    1.2    0.8    1.5
  93   0  576 26 =Gem 29  4 21 28.   0 57.5 A 6   38722  1  1 1  5.4    0.9    2.2    2.4
  95  90  577 27 =Cnc  1  5 01 46.5  1 14.  B 9          1  3 1  0.0    0.0    0.0    0.0
  96  91  578 27 =Cnc  2  4 29 49.   1 31.5 B 5   41909  1  1 1  5.3    1.5    0.7    1.7
  97  92  579 27 =Cnc  3  5 00 09.5  0 47.5 A 5   41822  1  1 1  5.3    0.4   -0.5    0.7
  98  93  580 27 =Cnc  4  5 01 57.   3 08.  B 4   42806  1  1 1  4.7    1.7    1.5    2.3
  99  94  581 27 =Cnc  5  5 03 08.   0 04.  A 4   42911  1  1 1  3.9    0.9    7.8    7.9
 100  95  582 27 =Cnc  6  5 08 03.5  5 08.  A 3   44066  1  1 1  4.3    0.8    1.2    1.4
 101  96  583 27 =Cnc  7  5 00 44.  10 23.  B 5   43103  1  1 1  4.0    2.3    0.5    2.3
 102  97  584 27 =Cnc  8  4 23 56.   1 15.5 B 5   39780  1  1 1  5.3   -1.7    3.4    3.8
 103  98  585 27 =Cnc  9  4 25 04.   7 05.  A 5   39567  1  1 1  5.1   -0.5   -0.7    0.8
 104  99  586 27 =Cnc 10  4 25 45.5  2 18.5 A 4   40167  1  1 1  4.7    0.6    0.8    1.0
 105 100  587 27 =Cnc 11  4 28 12.5  1 04.  A 6   41117  1  1 1  5.9    0.1    1.6    1.6
 106 101  588 27 =Cnc 12  5 06 47.5  1 54.  A 6   43970  1  1 1  5.2    1.1    1.4    1.7
 107 102  589 27 =Cnc 13  5 10 36.   5 36.  A 5:  44798  1  1 1  5.2    0.3   -0.1    0.3
 108 103  590 27 =Cnc 14  5 05 27.   7 14.  B 6   44405  1  1 1  5.4    1.2    1.0    1.5
 109 104  591 27 =Cnc 15  5 07 36.5  5 20.  B 6   44946  1  1 1  5.2    1.8    3.3    3.8
 110 105  592 28 =Leo  1  5 09 41.5 10 23.  B 4   46146  1  1 1  4.5    1.8    0.9    2.0
 111 106  593 28 =Leo  2  5 12 16.5  7 52.  B 4   46750  1  1 1  4.3    1.5   -0.3    1.5
 112 107  594 28 =Leo  3  5 15 51.  12 21.  B 4   48455  1  1 1  3.9    1.4   -1.0    1.7
 113 108  595 28 =Leo  4  5 15 05.   9 40.  B 3   47908  1  1 1  3.0    3.0    1.3    3.2
 114 109  596 28 =Leo  5  5 21 57.5 11 50.  B 3   50335  1  1 1  3.4    1.6    0.4    1.6
 115 110  597 28 =Leo  6  5 23 59.   8 47.  B 2   50583  1  1 1  2.0    1.0    0.7    1.2
 116 111  598 28 =Leo  7  5 22 20.   4 52.  B 3   49583  1  1 1  3.5   -0.1   -1.5    1.5
 117 112  599 28 =Leo  8  5 24 17.   0 26.5 B 1   49669  1  1 1  1.4    0.2    0.6    0.6
 118 113  600 28 =Leo  9  5 24 50.5  1 25.5 A 5   49637  1  1 1  4.4    0.6   -0.4    0.8
 119 114  601 28 =Leo 10  5 21 43.5  0 00.5 B 4   48883  1  1 1  5.3    2.7    1.3    3.0
 120 115  602 28 =Leo 11  5 17 54.5  0 16.  B 5   47723  1  1 1  5.4    0.5    3.4    3.4
 121 116  603 28 =Leo 12  5 16 07.   3 10.  A 4   46771  1  1 1  5.0   -1.8   -0.4    1.8
 122 117  604 28 =Leo 13  5 18 40.   3 47.  A 4   47508  1  1 1  3.5    1.7    0.5    1.8
 123 118  605 28 =Leo 14  5 23 46.   3 55.  A 4   49029  1  1 1  4.7   -1.0   -0.9    1.4
 124 119  606 28 =Leo 15  6 00 48.   0 08.  B 4   51624  1  1 1  3.8    1.2    0.0    1.2
 125 120  607 28 =Leo 16  5 22 24.   2 10.  B 6   50333  3  3 4  5.4  187.7   38.6  191.4
 126 121  608 28 =Leo 17  6 02 06.   5 56.  B 6   52689  1  1 1  5.5   -0.8   -0.5    1.0
 127 122  609 28 =Leo 18  6 04 05.   2 49.5 B 6   52911  1  1 1  5.3    1.6   -1.3    2.1
 128 123  610 28 =Leo 19  6 03 14.  12 53.  B 5   53954  1  1 1  4.4    2.5    0.9    2.6
 129 124  611 28 =Leo 20  6 05 41.  14 20.  B 2   54872  1  1 1  2.6    1.8   -0.4    1.8
 130 125  612 28 =Leo 21  6 07 50.   9 41.5 B 3   54879  1  1 1  3.3    0.9   -1.1    1.4
 131 126  613 28 =Leo 22  6 09 08.   7 50.5 B 6   55016  1  1 1  5.3   -4.4    1.7    4.7
 132 127  614 28 =Leo 23  6 11 58.5  6 07.  B 3   55642  1  1 1  4.0   -0.1   -1.0    1.0
 133 128  615 28 =Leo 24  6 13 08.5  1 40.  B 4   55434  1  1 1  4.1    0.1    1.7    1.7
 134 129  616 28 =Leo 25  6 15 57.   0 33.  A 4   55945  1  1 1  4.9   -0.5   -0.5    0.7
 135 130  617 28 =Leo 26  6 19 27.   3 02.5 A 4   56647  1  1 1  4.3    1.3   -0.5    1.4
 136 131  618 28 =Leo 27  6 16 03.  12 18.  B 1.  57632  1  1 1  2.1    2.0   -0.2    2.0
 137 132  619 28 =Leo 28  5 16 32.   4 48.  A 6   46774  1  1 1  5.1    3.5    7.0    7.8
 138 133  620 28 =Leo 29  5 16 01.5  5 43.  A 5   46454  1  1 1  5.4   -3.1    7.8    8.4
 139 134  621 28 =Leo 30  6 00 14.  10 17.  B 6   52686  1  1 1  5.5    0.9   -1.9    2.1
 140   0  622 28 =Leo 31  5 16 13.  10 47.5 B 6   48390  1  1 1  5.3    0.2   -2.2    2.2
 141   0  623 28 =Leo 32  6 15 53.   7 39.  A 4   55084  1  1 1  4.4    2.9    0.5    2.9
 142   0  624 28 =Leo 33  6 18 50.   5 41.  A 5   56127  1  1 1  4.8   -1.4   -1.2    1.8
 143   0  625 28 =Leo 34  5 26 22.5 17 40.  B 5   52422  1  3 4  5.5   11.0  -51.4   52.5
 144   0  626 28 =Leo 35  5 29 57.  16 30.  B 5   53417  1  1 1  4.3   -1.2   -1.0    1.6
 145   0  627 28 =Leo 36  6 04 54.5 16 47.  B 5   54951  1  1 1  4.6   -0.8   -0.4    0.9
 146   0  628 28 =Leo 37  6 13 22.  17 19.  B 4   57565  1  1 1  4.5    2.3   -0.4    2.2
 147   0  629 28 =Leo 38  6 08 58.   1 20.5 B 4   54182  1  1 1  4.6    0.3    0.5    0.6
 148   0  630 28 =Leo 39  6 08 30.   0 09.5 A 5   53824  1  1 1  5.0   -3.5   -3.3    4.8
 149   0  631 28 =Leo 40  6 09 20.   2 29.  A 5   53807  1  1 1  4.8    1.0   -2.6    2.8
 150 135  632 29 =Vir  1  6 17 44.   6 06.5 B 5   57328  1  1 1  4.8    1.2    0.2    1.2
 151 136  633 29 =Vir  2  6 18 33.   4 37.  B 5   57380  1  1 1  4.0    1.8   -0.8    2.0
 152 137  634 29 =Vir  3  6 22 07.   8 33.5 B 5   58948  1  1 1  4.1    1.6   -1.7    2.3
 153 138  635 29 =Vir  4  6 21 58.   6 10.  B 5   58590  1  1 1  4.7    1.0   -0.5    1.1
 154 139  636 29 =Vir  5  6 21 32.   0 43.  B 3   57757  1  1 1  3.6   -1.6   -1.6    2.2
 155 140  637 29 =Vir  6  6 29 16.   1 25.  B 4   60129  1  1 1  3.9    0.0   -2.3    2.3
 156 141  638 29 =Vir  7  7 04 35.5  2 50.  B 3   61941  1  1 1  2.7    2.6   -0.6    2.7
 157 142  639 29 =Vir  8  7 09 28.5  2 23.5 B 6.  63414  1  1 1  5.8    9.9   -0.8    9.9
 158 143  640 29 =Vir  9  7 12 37.   1 45.  B 4   64238  1  1 1  4.4    3.1    1.1    3.3
 159 144  641 29 =Vir 10  7 05 55.   8 41.  B 3   63090  1  1 1  3.4    0.8   -1.8    2.0
 160 145  642 29 =Vir 11  6 29 53.  13 36.5 B 5   61960  1  1 1  4.9    2.2   -3.1    3.7
 161 146  643 29 =Vir 12  7 01 52.  11 37.  B 6   62267  1  1 1  5.2   -0.3   -2.3    2.3
 162 147  644 29 =Vir 13  7 04 23.5 16 15.5 B 3   63608  1  1 1  2.8   -0.3   -1.8    1.9
 163 148  645 29 =Vir 14  7 18 16.   1 59.  A 1   65474  1  1 1  1.0    0.6   -2.5    2.6
 164 149  646 29 =Vir 15  7 15 22.5  8 10.  B 3   66249  2  1 1  3.4   72.9   30.0   78.1
 165 150  647 29 =Vir 16  7 17 58.5  3 11.  B 6:  66006  1  1 1  4.7    3.1   -1.7    3.5
 166 151  648 29 =Vir 17  7 21 09.5  1 45.5 B 6   66803  1  1 1  5.0   -0.6   -1.3    1.4
 167 152  649 29 =Vir 18  7 19 44.   0 19.5 A 6   66098  1  1 1  5.2   -3.0   -4.1    5.1
 168 153  650 29 =Vir 19  7 24 44.   2 24.5 B 6   68940  3  0 1  5.5  146.7   56.0  156.8
 169 154  651 29 =Vir 20  7 27 49.  11 02.5 B 5   70012  1  1 1  5.1   -0.2    1.0    1.0
 170 155  652 29 =Vir 21  7 28 09.   7 18.5 B 4   69701  1  1 1  4.1    3.6   -1.9    4.1
 171 156  653 29 =Vir 22  7 28 51.   2 57.5 B 4   69427  1  1 1  4.2    4.6   -1.7    4.9
 172 157  654 29 =Vir 23  7 29 51.5 11 48.  B 4.  70755  1  1 1  4.8    1.9   -0.1    1.8
 173 158  655 29 =Vir 24  8 01 22.   0 31.5 B 4   69974  1  1 1  4.5    1.1   -0.1    1.2
 174 159  656 29 =Vir 25  8 04 30.   9 49.  B 4   71957  1  1 1  3.9    2.0   -4.7    5.1
 175 160  657 29 =Vir 26  7 01 21.  10 26.  B 6   61968  1  1 1  5.6    0.6   -0.7    0.9
 176 161  658 29 =Vir 27  7 21 37.5  9 40.5 B 6   67929  1  1 1  5.2   -0.2   -2.6    2.6
 177 162  659 29 =Vir 28  6 27 45.5  4 59.5 B 6   60172  1  1 1  5.0    2.8    5.8    6.4
 178 163  660 29 =Vir 29  7 08 25.  16 14.  B 6   64792  1  1 1  5.2    3.1   -0.4    3.0
 179 164  661 29 =Vir 30  7 10 11.  12 40.5 B 5   64852  1  1 1  4.8    1.5   -0.5    1.6
 180 165  662 29 =Vir 31  7 14 46.  12 34.5 B 6   66200  1  1 1  4.9    2.7   -1.0    2.8
 181 166  663 29 =Vir 32  7 22 11.  13 07.5 B 5   68520  1  1 1  4.2   -1.0   -2.0    2.2
 182 167  664 29 =Vir 33  6 22 56.5  3 22.5 B 6   58510  1  1 1  5.4    1.2   -1.4    1.8
 183   0  665 29 =Vir 34  7 06 38.   3 25.  A 5   61740  1  1 1  4.7   -2.3   -1.9    3.0
 184   0  666 29 =Vir 35  7 10 39.   3 23.  A 5   62985  1  1 1  4.8   -0.9   -1.7    1.9
 185   0  667 29 =Vir 36  7 14 08.5  3 13.5 A 5   64078  1  1 1  5.2    2.1   -0.9    2.3
 186   0  668 29 =Vir 37  7 17 13.   7 51.  A 5   64407  1  1 1  5.0   -1.5   -1.3    2.0
 187   0  669 29 =Vir 38  7 19 35.   9 16.  A 5   64924  1  1 1  4.7   -4.3    8.9    9.9
 188   0  670 29 =Vir 39  7 20 35.5  6 16.  A 5   65639  1  1 1  4.8    0.1   -1.4    1.4
 189 168  671 30 =Lib  1  8 09 31.   0 26.  B 2   72622  1  1 3  2.8    0.4   -3.0    3.0
 190 169  672 30 =Lib  2  8 08 42.   1 55.  B 5   72489  1  1 1  5.3   -5.8    9.5   11.1
 191 170  673 30 =Lib  3  8 13 48.   8 35.  B 2   74785  1  1 1  2.6    0.5   -2.4    2.5
 192 171  674 30 =Lib  4  8 09 40.5  8 18.5 B 4   73473  1  1 1  4.9    2.5   -1.2    2.7
 193 172  675 30 =Lib  5  8 12 26.5  1 14.  B 5   73945  1  1 1  5.2   45.8    0.5   45.8
 194 173  676 30 =Lib  6  8 16 19.   2 58.5 B 6   75118  1  3 1  6.1    2.1   -8.5    8.7
 195 174  677 30 =Lib  7  8 19 33.   4 28.  B 3.  76333  1  1 1  3.9    0.6   -2.3    2.4
 196 175  678 30 =Lib  8  8 21 48.5  4 04.  B 4   77060  1  1 1  5.4   -1.4   -0.9    1.7
 197 176  679 30 =Lib  9  8 19 27.   2 21.  B 4   76126  1  1 1  5.5   -0.1   -4.2    4.2
 198 177  680 30 =Lib 10  8 15 46.   8 07.  B 4.  75379  1  1 1  4.9    0.5   -0.6    0.8
 199   0  681 30 =Lib 11  8 22 11.   0 02.5 B 4   76880  1  1 1  4.8    0.4   -0.2    0.4
 200   0  682 30 =Lib 12  8 25 03.5  0 07.  B 4   77811  1  1 1  5.0   -9.1    1.1    9.1
 201   0  683 30 =Lib 13  8 24 16.   3 33.  B 4   77853  1  1 1  4.1    1.7   -2.9    3.3
 202   0  684 30 =Lib 14  8 24 48.   6 10.  B 4   78207  1  1 1  4.9    1.7   -1.9    2.6
 203   0  685 30 =Lib 15  8 25 41.5  9 19.  B 4   78727  1  1 1  4.2    2.4   -2.2    3.2
 204   0  686 30 =Lib 16  8 27 19.  10 57.  B 5   79375  1  1 1  4.9    2.2   -1.5    2.6
 205   0  687 30 =Lib 17  8 15 27.   7 37.  A 3   73714  1  1 1  3.2  -19.3    1.3   19.2
 206   0  688 30 =Lib 18  8 15 17.   1 48.  A 3   74392  1  1 1  4.5    9.4   -0.1    9.4
 207 178  689 31 =Sco  1  8 27 36.   1 05.  B 2.  78820  1  1 1  2.6    1.3   -1.5    1.9
 208 179  690 31 =Sco  2  8 26 59.   1 54.5 A 3:  78401  1  1 1  2.3    1.2   -1.5    1.9
 209 180  691 31 =Sco  3  8 27 25.   5 22.5 A 3:  78265  1  1 1  2.9   -2.6   -3.0    3.9
 210 181  692 31 =Sco  4  8 27 43.5  8 27.5 A 4.  78104  1  1 1  3.9   -8.6   -5.4   10.1
 211 182  693 31 =Sco  5  8 29 03.5  1 42.  B 4.  79374  1  1 1  4.0    1.0   -0.9    1.3
 212 183  694 31 =Sco  6  8 28 07.   0 14.  B 5.  78933  1  1 1  3.9   -0.9    2.3    2.5
 213 184  695 31 =Sco  7  9 02 11.   3 55.  A 4   80112  1  1 1  2.9    3.0   -4.1    5.1
 214 185  696 31 =Sco  8  9 04 13.   4 27.  A 1.  80763  1  1 1  1.1   -1.3   -4.0    4.2
 215 186  697 31 =Sco  9  9 05 53.   5 50.  A 4   81266  1  1 1  2.8    0.4  -14.0   14.0
 216 187  698 31 =Sco 10  9 00 46.5  6 37.5 A 5.  79404  1  1 1  4.6   -5.7   -0.2    5.7
 217 188  699 32 =Sgr  1 10 00 47.5  2 00.  A 4   90496  1  1 1  2.8   -2.3   -3.8    4.5
 218 189  700 32 =Sgr  2  9 27 41.5  2 27.5 B 4.  89341  1  1 1  3.8   -2.8   -3.9    4.8
 219 190  701 32 =Sgr  3 10 06 51.   3 31.  A 4   92855  1  1 1  2.0   -2.1    7.4    7.7
 220 191  702 32 =Sgr  4 10 04 40.   3 50.  A 5.  92041  1  1 1  3.2   -3.6   -4.2    5.5
 221 192  703 32 =Sgr  5 10 07 56.5  1 44.5 B 4   93085  1  1 1  3.5   -3.8   -1.7    4.1
 222 193  704 32 =Sgr  6 10 09 28.   0 59.  B 4.  93683  1  1 1  3.8   -2.9   -4.0    5.0
 223 194  705 32 =Sgr  7 10 10 43.   1 31.  B 4   94141  1  1 1  2.9   -2.0   -1.6    2.5
 224 195  706 32 =Sgr  8 10 12 44.   3 06.5 B 6.  94820  1  1 1  4.9    2.9   12.0   12.3
 225 196  707 32 =Sgr  9 10 13 54.5  4 17.  B 4   95168  1  1 1  3.9   -1.4   -0.9    1.6
 226 197  708 32 =Sgr 10 10 14 11.   6 09.5 B 5   95176  1  1 1  4.5   -1.3   -0.8    1.6
 227 198  709 32 =Sgr 11 10 19 08.5  5 08.  B 6   96950  1  1 1  5.1   -3.4    3.8    5.1
 228 199  710 32 =Sgr 12 10 22 52.5  5 12.  B 6   98258  1  1 1  5.0   -0.1   -3.7    3.7
 229 200  711 32 =Sgr 13 10 19 24.   1 25.  B 6.  97290  1  1 1  4.9   -1.8    2.6    3.2
 230 201  712 32 =Sgr 14 10 16 26.   3 08.  A 6.  96465  1  1 1  4.6   -9.8   -4.5   10.8
 231 202  713 33 =Cap  1 10 28 18.   7 02.  B 3  100064  1  3 1  3.6   -0.8   -3.6    3.7
 232 203  714 33 =Cap  2 10 28 51.   6 53.  B 6  100310  1  1 1  4.8    1.0  -15.9   15.9
 233 204  715 33 =Cap  3 10 28 31.   4 41.  B 3  100345  1  1 1  3.0   -2.5   -3.2    4.1
 234 205  716 33 =Cap  4 10 27 08.   7 16.  B 6.  99572  1  1 1  5.8  -13.2   -2.0   13.2
 235 206  717 33 =Cap  5 10 28 57.   0 48.5 B 9  100881  1  1 1  5.1   11.7    8.0   14.2
 236 207  718 33 =Cap  6 10 29 41.   0 28.  B 9  101123  1  1 1  5.9   -2.0   -1.5    2.5
 237 208  719 33 =Cap  7 10 29 37.   1 20.  B 6  101027  1  1 1  4.8   -1.1   -5.7    5.8
 238 209  720 33 =Cap  8 10 27 13.   0 24.  B 9  100195  1  1 1  5.3   -6.5    5.9    8.8
 239 210  721 33 =Cap  9 11 02 49.   3 25.  B 6  101923  1  1 1  5.2   -5.2   -1.6    5.5
 240 211  722 33 =Cap 10 11 02 06.   0 15.  B 6  101984  1  1 1  5.2   -0.2    0.8    0.8
 241 212  723 33 =Cap 11 11 01 47.   6 58.  A 6. 102485  1  1 1  4.1  -11.2   -0.4   11.2
 242 213  724 33 =Cap 12 11 02 28.   9 02.  A 6. 102978  1  1 1  4.1   -4.8    6.6    8.1
 243 214  725 33 =Cap 13 11 06 13.   8 08.  A 6  104234  1  1 1  4.5    3.4    4.1    5.4
 244 215  726 33 =Cap 14 11 11 24.5  6 56.  A 5  105881  1  1 1  3.8   -2.7   -1.6    3.2
 245 216  727 33 =Cap 15 11 12 00.   6 29.  A 6  106039  1  1 1  4.5   -0.2   -2.8    2.8
 246 217  728 33 =Cap 16 11 09 23.   4 25.  A 6. 104963  1  1 1  5.2    4.2   -4.6    6.2
 247 218  729 33 =Cap 17 11 07 31.   4 27.  A 6  104365  1  1 1  5.3   11.7   -3.8   12.2
 248 219  730 33 =Cap 18 11 07 18.   3 01.  A 5  104019  1  1 1  4.8   -7.6    3.7    8.5
 249 220  731 33 =Cap 19 11 08 21.   0 29.  A 5: 104139  1  1 1  4.1   -4.9   -3.5    6.0
 250 221  732 33 =Cap 20 11 12 07.   1 16.5 A 5: 105515  1  1 1  4.3   -0.5   -3.5    3.6
 251 222  733 33 =Cap 21 11 14 25.   4 48.  A 4. 106723  1  1 1  4.5   12.5   -8.7   15.2
 252 223  734 33 =Cap 22 11 16 06.   4 49.  A 5. 107188  1  1 1  4.7   -2.5    0.7    2.6
 253 224  735 33 =Cap 23 11 16 14.   2 26.  A 3. 106985  1  1 1  3.7   -1.9   -5.1    5.5
 254 225  736 33 =Cap 24 11 18 00.   2 29.  A 3. 107556  1  1 1  2.8   -2.7   -3.0    4.0
 255 226  737 33 =Cap 25 11 18 14.   2 22.  B 5. 107517  3  1 1  5.6   72.4  -24.5   76.4
 256 227  738 33 =Cap 26 11 20 27.   0 14.5 A 5  108036  1  1 1  5.1  -13.2  -24.3   27.7
 257 228  739 33 =Cap 27 11 20 16.   0 10.  A 6.         5  0 4  0.0    0.0    0.0    0.0
 258 229  740 33 =Cap 28 11 19 54.   4 17.  B 6: 107382  1  1 1  5.1   -3.2   -2.9    4.3
 259 230  741 34 =Aqr  1 11 22 26.5 15 23.  B 6: 106944  1  1 1  5.1   -2.4   -0.7    2.4
 260 231  742 34 =Aqr  2 11 27 49.5 10 42.  B 3: 109074  1  1 1  3.0   -2.0   -1.0    2.2
 261 232  743 34 =Aqr  3 11 26 36.   9 11.5 B 5  108874  1  1 1  4.7   -3.4   -0.3    3.3
 262 233  744 34 =Aqr  4 11 17 51.   8 42.  B 3  106278  1  1 1  2.9   -1.2   -3.3    3.5
 263 234  745 34 =Aqr  5 11 18 38.   6 00.5 B 5  106786  1  1 1  4.7   -5.4   -1.0    5.5
 264 235  746 34 =Aqr  6 11 10 51.   4 50.  B 5  104459  1  1 1  4.5   -1.7   -1.8    2.5
 265 236  747 34 =Aqr  7 11 07 28.5  8 19.  B 5  103045  1  1 1  4.7    0.9   -2.2    2.4
 266 237  748 34 =Aqr  8 11 06 12.   8 10.  B 4  102618  1  1 1  3.8   -2.6   -2.7    3.7
 267 238  749 34 =Aqr  9 12 01 10.   8 17.5 B 3  110395  1  1 1  3.9   -1.7   -2.1    2.7
 268 239  750 34 =Aqr 10 12 03 04.5 10 31.  B 5: 110672  1  1 1  4.8   -2.3   -1.7    2.8
 269 240  751 34 =Aqr 11 12 03 23.   8 52.5 B 4  110960  1  1 1  3.7   -3.4   -0.6    3.4
 270 241  752 34 =Aqr 12 12 04 53.   8 10.  B 4  111497  1  1 1  4.0   -2.9    0.2    2.9
 271 242  753 34 =Aqr 13 11 27 45.   2 46.  B 4. 110003  1  1 1  4.2   -3.9   -2.0    4.3
 272 243  754 34 =Aqr 14 11 28 31.   2 29.5 B 6  110273  1  1 1  5.3   -3.4   -6.0    6.9
 273 244  755 34 =Aqr 15 11 29 53.   1 10.  A 5  111123  1  1 1  4.8   -3.9   -2.4    4.6
 274 245  756 34 =Aqr 16 11 23 13.   2 00.  A 4. 109139  1  1 1  4.3   -4.2   -3.0    5.1
 275 246  757 34 =Aqr 17 12 03 22.   8 10.  A 3  113136  1  1 1  3.3   -3.8   -0.5    3.8
 276 247  758 34 =Aqr 18 12 03 05.   5 37.  A 5  112716  1  1 1  4.1   -3.5   -1.7    3.9
 277 248  759 34 =Aqr 19 11 29 40.   5 40.  A 6  112542  4  2 4  5.7  165.1  -14.1  164.8
 278 249  760 34 =Aqr 20 11 26 55.5 10 48.5 A 5. 111449  1  1 1  5.2    1.3   -2.9    3.1
 279 250  761 34 =Aqr 21 11 29 50.   9 57.5 A 6: 112211  1  1 1  4.7  -10.3    1.2   10.2
 280 251  762 34 =Aqr 22 12 03 52.   4 08.5 B 4. 111710  1  1 1  5.0   -0.2   -0.4    0.5
 281 252  763 34 =Aqr 23 12 06 04.   0 19.5 A 4  112961  1  1 1  3.7   -3.8   -3.1    4.9
 282 253  764 34 =Aqr 24 12 09 00.   1 24.  A 6  113996  1  1 1  5.4  -10.8  -16.2   19.5
 283 254  765 34 =Aqr 25 12 11 38.   1 00.  A 5  114724  1  1 1  4.2   -3.7   -1.4    3.9
 284 255  766 34 =Aqr 26 12 11 33.   2 49.  A 5. 114939  1  1 1  4.9   -3.5   -1.0    3.6
 285 256  767 34 =Aqr 27 12 10 43.   3 58.5 A 5  114855  1  1 1  4.2   -1.0    0.0    1.0
 286 257  768 34 =Aqr 28 12 11 11.   4 10.5 A 5  115033  1  1 1  4.4   -1.7   -5.9    6.1
 287 258  769 34 =Aqr 29 12 11 14.5  4 44.  A 5  115115  1  1 1  5.0   -1.0   -2.1    2.4
 288 259  770 34 =Aqr 30 12 14 07.  10 59.  A 5  116758  1  1 1  5.0   -2.0   -2.4    3.1
 289 260  771 34 =Aqr 31 12 14 38.  11 33.  A 5  116971  1  1 1  4.5   -1.4   -3.2    3.5
 290 261  772 34 =Aqr 32 12 13 03.  14 29.  A 5. 116901  1  3 1  4.8   -1.3   -1.4    1.9
 291 262  773 34 =Aqr 33 12 13 46.  15 16.5 A 6  117089  1  1 1  5.2  -23.3    6.7   23.5
 292 263  774 34 =Aqr 34 12 14 44.  16 23.  A 6. 117629  1  1 1  5.2   -1.4   -3.5    3.7
 293 264  775 34 =Aqr 35 12 07 54.5 14 45.  A 5  115438  1  1 1  4.0   -1.0   -1.3    1.6
 294 265  776 34 =Aqr 36 12 08 21.  15 30.  A 5  115669  1  1 1  4.4   -0.9   -3.6    3.7
 295 266  777 34 =Aqr 37 12 09 50.  16 31.  A 5. 116247  1  1 1  4.7   -1.2    0.5    1.2
 296 267  778 34 =Aqr 38 12 04 25.  14 25.5 A 5  114341  1  1 1  3.7    0.7   -3.1    3.2
 297 268  779 34 =Aqr 39 12 04 02.  15 40.  A 5  114375  1  1 1  4.7   -2.1   -1.6    2.6
 298 269  780 34 =Aqr 40 12 03 17.  15 53.  A 5  114119  2  1 1  4.5  -32.2  -41.1   51.4
 299 270  781 34 =Aqr 41 11 28 11.5 21 00.  A 1  113368  1  1 1  1.2    3.2   -5.1    5.9
 300 271  782 35 =Psc  1 12 13 02.   9 04.  B 5: 113889  1  1 1  4.5   -0.6   -0.3    0.6
 301 272  783 35 =Psc  2 12 15 50.5  7 17.5 B 4  114971  1  1 1  3.7   -1.8    0.1    1.8
 302 273  784 35 =Psc  3 12 17 30.5  8 54.5 B 6  115227  1  1 1  5.1   -2.9   -1.4    3.2
 303 274  785 35 =Psc  4 12 19 42.   9 03.  B 5  115830  1  1 1  4.3   -3.4   -1.0    3.5
 304 275  786 35 =Psc  5 12 21 56.5  7 13.5 B 5  116771  1  1 1  4.1    7.3   -0.7    7.3
 305 276  787 35 =Psc  6 12 17 21.   4 27.  B 5. 115738  1  1 1  4.9   -1.0   -0.1    1.0
 306 277  788 35 =Psc  7 12 21 05.   3 25.  B 5  116928  1  1 1  4.5   -2.5    0.6    2.5
 307 278  789 35 =Psc  8 12 27 02.   6 23.5 B 5: 118268  1  1 1  4.0   -1.4   -1.0    1.7
 308 279  790 35 =Psc  9 12 28 27.   7 27.  B 6     194  1  1 1  5.7   -2.0    4.6    5.0
 309 280  791 35 =Psc 10  1 02 29.   5 28.  B 6.   1645  1  1 1  5.4   -4.1   -0.4    4.1
 310 281  792 35 =Psc 11  1 08 36.   2 11.  B 4    3786  1  1 1  4.4   -1.6   -0.9    1.8
 311 282  793 35 =Psc 12  1 11 58.   1 05.5 B 4    4906  1  1 1  4.3   -0.1   -1.4    1.4
 312 283  794 35 =Psc 13  1 14 19.   0 57.5 B 4    5737  1  1 1  5.2   -1.2  -70.9   70.9
 313 284  795 35 =Psc 14  1 12 25.   1 31.  A 6    5346  1  1 1  5.5   -2.3    0.7    2.4
 314 285  796 35 =Psc 15  1 13 46.   4 19.5 A 6    6061  1  1 1  5.1   -0.6    2.4    2.5
 315 286  797 35 =Psc 16  1 17 33.   3 03.  A 5    7007  1  1 1  4.8   -0.9   -1.3    1.5
 316 287  798 35 =Psc 17  1 19 56.   4 40.5 A 5:   7884  1  1 1  4.4    0.2   -2.8    2.8
 317 288  799 35 =Psc 18  1 21 57.5  7 56.  A 5:   8833  1  1 1  4.6   -1.0   -1.0    1.4
 318 289  800 35 =Psc 19  1 23 47.5  9 04.5 A 3    9487  1  1 1  3.8    0.5   -0.8    0.9
 319 290  801 35 =Psc 20  1 22 12.   1 38.5 A 5.   8198  1  1 1  4.3   -2.2   -0.4    2.2
 320 291  802 35 =Psc 21  1 21 16.   1 51.5 B 5.   7535  1  1 1  5.5    5.3    0.4    5.3
 321 292  803 35 =Psc 22  1 21 16.   5 21.  B 4.   7097  1  1 1  3.6   -1.1    0.1    1.1
 322 293  804 35 =Psc 23  1 21 36.5  9 24.  B 5    6732  1  3 3  5.5    1.9   -0.1    1.9
 323 294  805 35 =Psc 24  1 23 15.  22 00.  B 6:   5544  1  1 1  5.2   -0.9   -1.3    1.5
 324 295  806 35 =Psc 25  1 22 49.5 20 43.  B 5    5586  1  1 1  4.5   -4.0    0.1    3.7
 325 296  807 35 =Psc 26  1 19 22.5 20 55.  B 6.   4510  1  1 1  5.4   -1.5    1.5    2.1
 326 297  808 35 =Psc 27  1 18  6.5 19 24.0 B 6    4366  1  1 1  6.1    3.7    5.0    6.1
 327 298  809 35 =Psc 28  1 17 03.5 20 24.  B 6    3885  1  1 1  5.6    0.8    6.3    6.3
 328 299  810 35 =Psc 29  1 17 56.5 13 21.  B 5    5131  1  1 1  5.3   -4.0   -0.1    3.9
 329 300  811 35 =Psc 30  1 18 02.5 12 21.5 B 6    5310  1  1 1  5.6    2.3    7.0    7.3
 330 301  812 35 =Psc 31  1 18 09.  11 21.  B 6:   5454  1  1 1  5.6   -5.0   -3.3    5.9
 331 302  813 35 =Psc 32  1 23 18.  17 26.  B 5    6193  1  1 1  4.7   -4.2    0.4    4.0
 332 303  814 35 =Psc 33  1 20 58.5 15 30.  B 5    5742  1  1 1  4.7   -4.4   -1.2    4.4
 333 304  815 35 =Psc 34  1 19 00.  12 27.5 B 5    5571  1  1 1  4.7   -1.8   -2.4    3.0
 334 305  816 35 =Psc 35  1 24 11.  18 31.  B 6    6315  1  1 1  5.2    0.8    8.4    8.5
 335 306  817 35 =Psc 36  1 21 41.  23 03.  B 6    4889  1  1 1  5.5   -1.2    0.4    1.2
 817 648  818 36 =Cet  1  2 09 31.   7 50.  A 4   13954  1  1 1  4.7    0.1    0.6    0.6
 818 649  819 36 =Cet  2  2 08 47.  12 37.  A 2   14135  1  1 1  2.5   -2.2    0.0    2.1
 819 650  820 36 =Cet  3  2 03 53.5 12 02.5 A 3   12706  1  1 1  3.5   -0.9    1.2    1.5
 820 651  821 36 =Cet  4  2 02 02.  14 32.  A 3   12387  1  1 1  4.1   -2.5    2.3    3.3
 821 652  822 36 =Cet  5  2 01 54.   5 52.  A 4.  11484  1  1 1  4.3   -0.4   -1.2    1.3
 822 653  823 36 =Cet  6  2 06 07.   5 36.  A 4   12828  1  1 1  4.3   13.4    0.5   13.3
 823 654  824 36 =Cet  7  1 28 29.5  4 19.  A 4.  10324  1  1 1  4.4   -1.1    1.1    1.6
 824 655  825 36 =Cet  8  1 24 09.  25 17.  A 4   11345  1  1 1  4.9   -1.2    0.9    1.4
 825 656  826 36 =Cet  9  1 24 32.5 28 31.  A 4   11783  1  1 1  4.7   -0.9   -1.9    2.1
 826 657  827 36 =Cet 10  1 28 11.5 28 16.5 A 4   12770  1  1 1  4.2   -1.5   -0.3    1.4
 827 658  828 36 =Cet 11  1 27 47.5 25 58.  A 3.  12390  1  1 1  4.8   -3.0   -2.2    3.4
 828 659  829 36 =Cet 12  1 12 25.  25 01.  A 4.   8102  1  1 1  3.5   -2.2    1.1    2.3
 829 660  830 36 =Cet 13  1 13 50.  31 04.  A 4.   9347  1  1 1  4.0   -1.1    1.2    1.5
 830 661  831 36 =Cet 14  1 16 25.  20 19.  A 3:   8645  1  1 1  3.7   -3.3   -2.1    3.8
 831 662  832 36 =Cet 15  1 10 42.5 15 46.5 A 3.   6537  1  1 1  3.6   -2.8    0.4    2.8
 832 663  833 36 =Cet 16  1 06 11.5 16 55.  A 3.   5364  1  1 1  3.5   -1.4   48.5   48.5
 833 664  834 36 =Cet 17 12 25 23.  10 01.  A 3    1562  1  1 1  3.6   -2.5   -0.4    2.5
 834 665  835 36 =Cet 18 12 26 56.  20 47.  A 2    3419  1  1 1  2.0    2.1    0.1    2.0
 835 666  836 36 =Cet 19  2 12 45.  14 30.  A 5.  15457  1  1 1  4.8   -1.8    0.4    1.7
 836 667  837 36 =Cet 20  1 15 04.5 21 55.  A 5:   8497  1  1 1  4.7   42.7   84.6   93.6
 837 668  838 36 =Cet 21  2 02 49.5  9 12.5 A 4.  12093  1  1 1  4.9   -0.5   -0.4    0.6
 838 669  839 37 =Ori  1  3 18 11.5 13 26.  A 4.  26207  1  1 1  3.4   -3.2    0.7    3.2
 839 670  840 37 =Ori  2  3 18 06.5 13 54.  A 5   26176  1  1 1  4.4   -4.3    2.3    4.7
 840 671  841 37 =Ori  3  3 18 33.5 14 04.5 A 5   26366  1  1 1  4.1   -0.6    1.6    1.7
 841 672  842 37 =Ori  4  3 23 12.  16 06.  A 2:  27989  1  1 1  0.4   -1.0    1.2    1.5
 842 673  843 37 =Ori  5  3 15 23.  16 53.  A 2.  25336  1  1 1  1.6   -0.4    1.0    1.1
 843 674  844 37 =Ori  6  3 16 47.  17 22.  A 5   25813  1  1 1  4.2    2.1    1.2    2.4
 844 675  845 37 =Ori  7  3 25 04.5 14 51.  A 4   28614  1  1 1  4.1   -2.4   60.7   60.7
 845 676  846 37 =Ori  8  3 28 30.5 11 30.  A 6   29800  1  1 1  5.0    0.5   19.1   19.1
 846 677  847 37 =Ori  9  3 27 23.5  9 15.  A 4   29426  1  1 1  4.4   -1.7    0.0    1.7
 847 678  848 37 =Ori 10  3 26 21.   8 44.  A 4.  29038  1  1 1  4.4   -4.0    1.5    4.3
 848 679  849 37 =Ori 11  3 27 22.   7 20.5 A 6   29434  1  1 1  4.9   -1.0    0.8    1.3
 849 680  850 37 =Ori 12  3 28 08.5  7 19.  A 6   29704  1  1 1  5.3    1.3    1.2    1.8
 850 681  851 37 =Ori 13  3 23 09.   3 12.5 A 5   27913  1  1 1  4.4   -1.2    0.6    1.3
 851 682  852 37 =Ori 14  3 25 21.5  3 21.  A 5   28716  1  1 1  4.6   -0.3    0.0    0.3
 852 683  853 37 =Ori 15  3 18 56.5 19 17.5 A 5.  26594  1  1 1  4.5   -0.5    1.3    1.3
 853 684  854 37 =Ori 16  3 17 40.  19 36.5 A 6.  26126  1  1 1  5.3   -2.5    2.2    3.3
 854 685  855 37 =Ori 17  3 16 46.  19 52.5 A 6.  25861  1  1 1  5.5    1.5   -8.0    8.1
 855 686  856 37 =Ori 18  3 15 34.  20 08.5 A 5.  25473  1  1 1  4.6    2.6    0.0    2.5
 856 687  857 37 =Ori 19  3 07 53.   8 17.  A 4.  22667  1  1 1  4.7    2.4    0.7    2.4
 857 688  858 37 =Ori 20  3 08 48.   9 07.  A 4.  22957  1  1 1  4.1   -1.0    0.3    1.1
 858 689  859 37 =Ori 21  3 08 10.  11 06.  A 6   22833  1  1 1  5.2   -1.3   -2.9    3.2
 859 690  860 37 =Ori 22  3 08 00.5 12 25.5 A 4   22845  1  1 1  4.6    0.7    1.3    1.5
 860 691  861 37 =Ori 23  3 06 49.  13 03.5 A 4   22509  1  1 1  4.3   -1.3  -28.4   28.4
 861 692  862 37 =Ori 24  3 06 23.  15 27.  A 4   22449  1  1 1  3.2   -5.0    1.2    5.0
 862 693  863 37 =Ori 25  3 06 33.  16 50.  A 4   22549  1  1 1  3.7   -1.3    0.6    1.4
 863 694  864 37 =Ori 26  3 06 58.  20 02.  A 4:  22797  1  1 1  3.7   -3.0   -1.4    3.1
 864 695  865 37 =Ori 27  3 07 57.  20 55.5 A 4   23123  1  1 1  4.5    0.9    1.4    1.6
 865 696  866 37 =Ori 28  3 16 50.5 23 38.  A 2   25930  1  1 1  2.2   -3.0    1.7    3.2
 866 697  867 37 =Ori 29  3 17 54.  24 33.5 A 2   26311  1  1 1  1.7   -0.4    0.0    0.4
 867 698  868 37 =Ori 30  3 19 06.5 25 21.5 A 2.  26727  1  1 1  1.7    0.2    0.8    0.8
 868 699  869 37 =Ori 31  3 14 37.5 25 36.5 A 3   25281  1  1 1  3.3   -2.3    1.4    2.5
 869 700  870 37 =Ori 32  3 17 28.  28 09.5 A 5   26237  1  3 3  4.6    0.4   -1.3    1.4
 870 701  871 37 =Ori 33  3 17 24.5 28 45.  A 3.  26220  4  2 1  5.0    0.0    1.3    1.3
 871 702  872 37 =Ori 34  3 17 27.5 29 17.  A 3   26241  1  1 1  2.8   -1.9    1.9    2.5
 872 703  873 37 =Ori 35  3 16 20.  30 37.5 A 4   25923  1  1 1  4.6    0.4    1.8    1.8
 873 704  874 37 =Ori 36  3 18 23.  30 38.  A 5   26563  1  1 1  4.8   -2.1    2.7    3.3
 874 705  875 37 =Ori 37  3 11 17.  31 11.5 A 1.  24436  1  1 1  0.2   -1.7    1.0    1.8
 875 706  876 37 =Ori 38  3 12 15.5 29 53.  A 4   24674  1  1 1  3.6    1.1   -0.3    1.0
 876 707  877 37 =Ori 39  3 14 02.  31 00.  A 5:  25247  1  1 1  4.1   -1.6    1.9    2.3
 877 708  878 37 =Ori 40  3 20 49.5 33 08.  A 3   27366  1  1 1  2.1    0.3    0.6    0.7
 878 709  879 37 =Ori 41  3 18 39.  26 00.5 A 4   26549  1  1 1  3.8   -7.5    1.5    6.9
 879 710  880 37 =Ori 42  3 14 34.  19 40.  A 6   25142  1  1 1  5.0    0.9    2.2    2.4
 880   0  881 37 =Ori 43  3 14 45.  24 06.  A 6   25282  1  1 1  5.1   -3.0    0.1    2.8
 881   0  882 37 =Ori 44  3 13 59.  23 32.  A 5   25044  1  1 1  4.7    0.8    0.3    0.8
 882   0  883 37 =Ori 45  3 14 57.  21 23.  A 5   25302  1  1 1  4.9    1.1    1.6    2.0
 883   0  884 37 =Ori 46  3 11 58.  20 08.  A 4   24331  1  1 1  4.5    2.0    0.3    1.9
 884   0  885 37 =Ori 47  3 19 45.  21 58.  A 5   26885  1  1 1  4.9   -2.0    1.4    2.3
 885   0  886 37 =Ori 48  3 22 25.5 21 39.  A 5   27750  1  1 1  4.8   -1.4    1.7    2.1
 886   0  887 37 =Ori 49  3 24 10.  22 57.  A 5   28296  1  1 1  5.2   -3.0    0.7    2.9
 887   0  888 37 =Ori 50  3 13 36.5 11 45.  A 6   24555  1  1 1  5.5  -10.4    1.1   10.3
 888   0  889 37 =Ori 51  3 11 33.5 13 08.  A 6   23983  1  1 1  5.4    2.9    2.1    3.5
 889   0  890 37 =Ori 52  3 11 00.  14 24.  A 6   23879  1  1 1  5.3    7.2    0.9    7.0
 890   0  891 37 =Ori 53  3 28 44.  29 31.  A 4   29651  1  1 1  4.0   -2.9  -11.5   11.8
 891   0  892 37 =Ori 54  4 02 43.  29 49.  A 4   30867  1  1 1  3.8    0.5  -29.9   30.0
 892   0  893 37 =Ori 55  4 02 22.  28 04.  A 5   30772  1  3 1  5.1   -2.0    0.4    1.8
 893   0  894 37 =Ori 56  4 01 08.  18 47.  A 4   30419  1  1 1  4.4  -26.5    0.8   25.1
 894   0  895 37 =Ori 57  4 02 58.  15 56.5 A 4   31216  1  1 1  4.5   -2.9    1.6    3.2
 895   0  896 37 =Ori 58  4 04 50.  13 15.  A 4   31978  1  1 1  4.7   -2.0    1.4    2.4
 896   0  897 37 =Ori 59  4 02 58.  18 24.  A 5   31159  1  1 1  5.9   -2.6    0.2    2.4
 897   0  898 37 =Ori 60  4 06 36.  14 59.  A 5   32533  1  1 1  4.8   -2.0    1.8    2.6
 898   0  899 37 =Ori 61  4 07 14.5 20 33.  A 4   32578  1  1 1  4.5   -1.7    0.2    1.6
 899   0  900 37 =Ori 62  4 14 00.  22 47.  A 4   34769  1  3 1  4.2   -1.5    0.8    1.5
 900 711  901 38 =Eri  1  3 09 40.  31 35.5 A 4   23972  1  1 1  4.2   -1.7   -0.2    1.4
 901 712  902 38 =Eri  2  3 09 42.  27 54.5 A 3.  23875  1  1 1  2.8    0.8    0.2    0.7
 902 713  903 38 =Eri  3  3 07 39.  29 52.  A 5   23364  1  1 1  4.8   -1.0    3.1    3.2
 903 714  904 38 =Eri  4  3 05 29.5 27 51.5 A 5   22701  1  1 1  4.4   -1.2    0.6    1.2
 904 715  905 38 =Eri  5  3 03 45.5 25 34.  A 4   22109  1  1 1  4.0    0.0    9.0    9.0
 905 716  906 38 =Eri  6  3 01 14.5 25 11.5 A 4   21444  1  1 1  3.9   -0.2    1.2    1.2
 906 717  907 38 =Eri  7  2 18 18.  33 13.5 A 3   18543  1  1 1  3.0   -1.4   -0.5    1.3
 907 718  908 38 =Eri  8  2 15 22.5 31 09.  A 4   17593  1  1 1  4.4   -0.3   -1.0    1.0
 908 719  909 38 =Eri  9  2 15 07.  28 46.5 A 3   17378  1  1 1  3.5    8.8   -1.6    7.9
 909 720  910 38 =Eri 10  2 12 45.  27 47.  A 3   16537  1  1 1  3.7   -3.0   -0.3    2.7
 910   0  911 38 =Eri 11  2 03 10.  24 34.  A 3   13701  1  1 1  3.9   -0.2    0.6    0.6
 911   0  912 38 =Eri 12  2 05 36.  23 58.5 A 4   14293  1  1 1  5.3    1.2    1.7    2.0
 912   0  913 38 =Eri 13  2 08 16.  25 59.  A 3   15197  1  1 1  4.8   -1.6    1.1    1.8
 914   0  914 38 =Eri 14  2 23 49.  30 25.  A 5   19777  1  1 1  4.9   -3.8  -32.4   32.6
 915   0  915 38 =Eri 15  2 23 53.  27 32.  A 4   19587  1  1 1  4.0   -2.1    1.5    2.4
 916   0  916 38 =Eri 16  2 24 58.  28 09.5 A 4   19849  1  1 1  4.4   -0.2    0.7    0.7
 917   0  917 38 =Eri 17  2 27 46.  25 03.  A 5   20507  1  1 1  5.2   -1.7    1.6    2.2
 918   0  918 38 =Eri 18  2 16 25.5 18 26.  A 4   16852  1  1 1  4.3   -0.7   -0.1    0.6
 919   0  919 38 =Eri 19  2 20 07.  22 45.  A 4   18255  1  1 1  4.5   -4.2   -1.0    4.0
 920 721  920 39 =Lep  1  3 10 14.5 34 34.  A 5   24244  1  1 1  4.4   -3.7  -12.1   12.5
 921 722  921 39 =Lep  2  3 10 20.5 35 54.  A 5   24327  1  1 1  4.4   -0.7    2.3    2.4
 922 723  922 39 =Lep  3  3 12 27.  35 18.  A 6   24873  1  1 1  5.3   -1.9   -5.5    5.7
 923 724  923 39 =Lep  4  3 12 14.  36 14.  A 5   24845  1  1 1  4.3   -1.7   -0.4    1.4
 924 725  924 39 =Lep  5  3 09 49.  39 04.  A 5   24305  1  1 1  3.3   -0.3   -1.9    2.0
 925 726  925 39 =Lep  6  3 06 25.5 45 00.  A 4   23685  1  1 1  3.2    2.9   -0.4    2.1
 926 727  926 39 =Lep  7  3 15 49.5 41 05.5 A 3.  25985  1  1 1  2.6   -1.0   -1.1    1.4
 927 728  927 39 =Lep  8  3 14 06.5 43 57.5 A 3   25606  1  1 1  2.8   -0.5    0.1    0.4
 928 729  928 39 =Lep  9  3 19 21.5 45 49.5 A 3.  27072  1  1 1  3.6   -2.0   -0.4    1.4
 929 730  929 39 =Lep 10  3 21 36.  44 18.  A 3.  27654  1  1 1  3.8   -2.0    1.4    2.0
 930 731  930 39 =Lep 11  3 20 26.5 38 16.  A 4   27288  1  1 1  3.5   -1.3   -0.1    1.0
 931 732  931 39 =Lep 12  3 23 27.5 37 40.5 A 4   28103  1  1 1  3.7   -7.2    0.2    5.7
 932 733  932 39 =Lep 13  3 26 22.  38 26.  A 4.  28910  1  1 1  4.7   -1.9    0.9    1.8
 933 734  933 40 =CMa  1  4 08 35.5 39 30.  A 1   32349  1  1 1 -1.4   -0.3   -0.8    0.9
 934 735  934 40 =CMa  2  4 11  1.5 34 50.0 A 4   33160  1  1 1  4.1  -22.7    4.1   19.1
 935 736  935 40 =CMa  3  4 11 27.  36 43.  A 5   33345  1  1 1  5.0    2.4    0.7    2.0
 936 737  936 40 =CMa  4  4 14 06.  38 02.5 A 3.  34045  1  1 1  4.1   -2.7    0.1    2.1
 937 738  937 40 =CMa  5  4 12 03.  39 30.  A 4   33347  1  1 1  4.4   -4.8  -11.5   12.1
 938 739  938 40 =CMa  6  4 06 32.5 42 12.5 A 5   31592  1  3 4  4.0  -21.9   -9.4   18.8
 939 740  939 40 =CMa  7  4 01 42.5 41 18.5 A 2.  30324  1  1 1  2.0   -4.8    0.2    3.6
 940 741  940 40 =CMa  8  4 15 30.5 46 09.5 A 5:  33977  1  1 1  3.0   -3.1   -1.2    2.4
 941 742  941 40 =CMa  9  4 12 36.5 46 39.5 A 5:  33152  1  1 1  3.9    0.3   -9.9    9.9
 942 743  942 40 =CMa 10  4 17 55.  48 30.  A 3   34444  1  1 1  1.8   -3.7    0.0    2.5
 943 744  943 40 =CMa 11  4 15 21.5 51 24.5 A 3   33579  1  1 1  1.5   -8.2    0.0    5.1
 944 745  944 40 =CMa 12  4 01 07.  51 46.5 A 3   30122  1  1 1  3.0   42.3  -99.0  102.2
 945 746  945 40 =CMa 13  4 24 11.5 51 24.5 A 3   35904  1  1 1  2.5  -11.3   45.3   45.9
 946 747  946 41 =CMi  1  4 16 39.5 13 33.5 A 3.  36188  1  1 1  2.9   -1.5    1.8    2.3
 947 748  947 41 =CMi  2  4 20 18.5 15 57.  A 2:  37279  1  1 1  0.4   -1.4    0.7    1.5
 948   0  948 41 =CMi  3  4 16 49.  12 51.  A 6   36284  1  1 1  4.3   -1.6   -1.0    1.9
 949   0  949 41 =CMi  4  4 16 42.5  9 46.  A 6   36425  1  1 1  4.6   -0.3    0.5    0.6
 950   0  950 41 =CMi  5  4 20 57.5 10 19.5 A 5   37921  1  1 1  5.2    0.0    1.5    1.5
 951 749  951 42 =Arg  1  5 05 53.5 43 18.5 A 3   39757  1  1 1  2.8   -1.3    0.0    1.0
 952 750  952 42 =Arg  2  5 00 35.5 44 58.5 A 3:  38170  1  1 1  3.3   -5.1   -0.2    3.6
 953 751  953 42 =Arg  3  4 28 00.  47 28.  A 3   37229  1  1 1  3.8   -4.4    0.6    3.0
 954   0  954 42 =Arg  4  5 04 06.5 32 07.  A 4   40084  1  1 1  4.7  -65.1    0.0   55.2
 955   0  955 42 =Arg  5  5 04 27.  38 31.  A 4   39906  1  1 1  4.4   -1.9    9.8   10.0
 956   0  956 42 =Arg  6  5 12 26.5 32 56.  A 6   42662  1  1 1  4.9   -1.7    0.7    1.6
 957   0  957 42 =Arg  7  5 12 51.5 30 18.  A 4   43067  1  1 1  4.3   -3.0   -0.3    2.6
 958   0  958 42 =Arg  8  5 10 01.5 24 29.5 A 4   42835  1  1 1  4.6   -2.2    1.2    2.3
 959   0  959 42 =Arg  9  5 29 26.  21 39.5 A 4   48437  3  0 4  5.1 -103.1  116.0  150.8
 960   0  960 42 =Arg 10  6 04 20.5 22 29.5 A 3   49809  4  2 4  5.3  -26.6    0.4   24.6
 961   0  961 42 =Arg 11  6 23 44.  30 30.  A 3   54204  1  1 4  4.9    4.2   14.0   14.4
 962 752  962 43 =Hya  1  5 05 39.5 14 37.  A 5   42402  1  1 1  4.4   -0.4   -1.2    1.2
 963 753  963 43 =Hya  2  5 06 46.  14 16.5 A 4   42799  1  1 1  4.3   -1.2   -0.7    1.3
 964 754  964 43 =Hya  3  5 06 48.  11 08.  A 4   43109  1  1 1  3.4    0.4    0.3    0.5
 965 755  965 43 =Hya  4  5 07 22.5 11 36.  A 5   43234  1  1 1  4.3   -1.5    1.0    1.8
 966 756  966 43 =Hya  5  5 09 00.5 11 01.  A 4   43813  1  1 1  3.1    1.0    0.9    1.3
 967 757  967 43 =Hya  6  5 11 51.5 11 05.5 A 6   44659  1  1 1  5.0   -1.4    1.8    2.3
 968 758  968 43 =Hya  7  5 14 41.5 13 05.  A 4   45336  1  1 1  3.9    0.9    1.8    2.0
 969 759  969 43 =Hya  8  5 20 11.5 15 00.  A 5   46776  1  1 1  4.5   -0.6    0.2    0.6
 970 760  970 43 =Hya  9  5 22 04.  14 17.5 A 4   47431  1  1 1  3.9    0.6   -0.3    0.7
 971 761  971 43 =Hya 10  5 19 53.5 16 46.  A 5   46509  1  1 1  4.6    7.6    2.2    7.6
 972 762  972 43 =Hya 11  5 21 45.5 22 24.  A 1.  46390  1  1 1  2.0   -1.6   -0.6    1.6
 973 763  973 43 =Hya 12  5 27 12.  26 33.5 A 4   47452  1  1 1  5.1   -4.0   -3.5    5.0
 974 764  974 43 =Hya 13  6 00 09.  26 12.  A 5   48356  1  1 1  4.1   -0.4    6.4    6.4
 975 765  975 43 =Hya 14  6 02 48.  23 13.  A 5   49402  1  1 1  4.6   -1.1    1.4    1.7
 976 766  976 43 =Hya 15  6  3 53.  21 51.  A 4   49841  1  1 1  3.6   -2.8   -9.6   10.0
 977 767  977 43 =Hya 16  6 09 31.5 24 38.  A 4   51069  1  1 1  3.8   -1.4   -2.0    2.4
 978 768  978 43 =Hya 17  6 12 41.5 23 31.  A 5.  52085  1  1 1  4.9  -10.6    0.7    9.8
 979 769  979 43 =Hya 18  6 14 51.  21 48.5 A 4   52943  1  1 1  3.1   -1.9   -1.1    2.1
 980 770  980 43 =Hya 19  5 04 45.5 12 27.  A 4   42313  1  1 1  4.1   -0.4    1.4    1.4
 981   0  981 43 =Hya 20  6 23 01.5 25 36.  A 4   54682  1  1 1  4.5   -1.2   -1.5    1.9
 982   0  982 43 =Hyd 21  6 23 49.  30 17.  A 5   54255  4  2 2  5.7    6.1    4.4    6.9
 983   0  983 43 =Hya 22  7 21 24.  13 43.  A 3   64962  1  1 1  3.0    3.1    0.1    3.0
 984   0  984 43 =Hya 23  7 19 24.  14 37.  A 6   64166  1  1 1  4.9   -6.9    4.3    7.9
 985   0  985 43 =Hya 24  4 28 44.  10 19.  A 3   40526  1  1 1  3.5   -2.1   -0.3    2.1
 986 771  986 44 =Crt  1  6 18 13.  22 41.  A 4   53740  1  1 1  4.1   -1.0   -1.6    1.9
 987 772  987 44 =Crt  2  6 23 43.  19 39.  A 4   55705  1  1 1  4.1   -1.3   -0.6    1.4
 988 773  988 44 =Crt  3  6 21 10.5 17 25.  A 4   55282  1  1 1  3.6   -1.0  -10.2   10.3
 989   0  989 44 =Crt  4  6 20 27.  13 10.  A 4   55687  1  1 1  4.8   14.7  -18.3   23.2
 990   0  990 44 =Crt  5  6 23 02.  11 17.  A 4   56633  1  1 1  4.7    0.3   -0.9    1.0
 991   0  991 44 =Crt  6  6 28 30.  18 10.  A 4   57283  1  1 1  4.7    0.8   -7.3    7.3
 992   0  992 44 =Crt  7  7 00 33.  16 02.  A 4   58188  1  1 1  5.2   -0.1   -2.7    2.7
 993   0  993 44 =Crt  8  6 24 55.  14 09.  A 5   56802  1  1 1  5.5   -0.9   -4.6    4.7
 994 774  994 45 =Crv  1  7 06 08.  19 39.  A 4:  59316  1  1 1  3.0   -0.6   -0.4    0.7
 995 775  995 45 =Crv  2  7 05 13.  14 25.  A 3   59803  1  1 1  2.6   -1.8   -3.9    4.3
 996 776  996 45 =Crv  3  7 07 55.  12 07.  A 3   60965  1  1 1  2.9   -0.5   -2.4    2.5
 997 777  997 45 =Crv  4  7 11 49.  17 59.  A 3.  61359  1  1 1  2.7   -0.3   -2.2    2.2
 998   0  998 45 =Crv  5  7 06 38.  21 46.  A 4   59199  1  1 1  4.0    3.0    1.9    3.3
 999   0  999 45 =Crv  6  7 08 14.  18 14.  A 5   60189  1  1 1  5.2    1.5   -2.2    2.7
1000   0 1000 45 =Crv  7  7 08 21.5 11 28.  A 5   61174  1  1 1  4.3   -3.6  -11.0   11.5
1001   0 1001 46 =Cen  1  8 01 27.  21 49.  A 5   67457  1  1 1  4.2   61.5   15.1   59.1
1002   0 1002 46 =Cen  2  8 00 59.  19 08.  A 5   67786  1  1 1  4.8   75.5   11.7   72.3
1003   0 1003 46 =Cen  3  8 00 12.  20 51.  A 5   67153  1  1 1  4.2   58.1   18.9   57.6
1004   0 1004 46 =Cen  4  8  1  3.0 20 12.0 A 5   67669  2  1 1  4.3   79.7   10.0   75.5
  94   0    0 26 =Gem 30  4 23 54.0  1 18.5 B 6   39780  6  1 1  5.3    0.3    0.4    0.5
 675   0    0 13 =Oph 38  9 12 24.   7 18.  B 3   84012  6  1 5  2.4   -0.2   -3.7    3.7
 913   0    0 38 =Eri 20  2 15 23.  31  9.  A 4   17593  6  1 1  4.4   -0.8   -1.0    1.2
