   1  1 =UMi  1    3 00 10  66 00 B  3   11767 1 1  2.0   88.8   -9.4   37.4
   2  1 =UMi  2    3 02 30  70 00 B  4   85822 1 1  4.3  108.5  -18.4   41.6
   3  1 =UMi  3    3 10 10  74 20 B  4   82080 1 1  4.2  116.9  -41.5   52.6
   4  1 =UMi  4    3 29 40  75 40 B  4   77055 2 1  4.3   21.9  -48.4   48.7
   5  1 =UMi  5    4 03 40  77 40 B  4   79822 1 1  4.9  -28.7    3.1    6.8
   6  1 =UMi  6    4 17 30  72 50 B  2   72607 1 1  2.1 -101.7   -2.0   30.1
   7  1 =UMi  7    4 26 10  74 50 B  2   75097 2 1  3.0 -136.1   14.5   38.2
   8  1 =UMi  8a   4 13 00  71 10 B  4   70692 1 1  4.3 -119.5    3.1   38.7
   9  2 =UMa  1    3 25 20  39 50 B  4   41704 1 1  3.3   43.8   14.2   36.5
  10  2 =UMa  2    3 25 50  43 00 B  5   42080 2 1  5.5  -71.6   81.2   96.3
  11  2 =UMa  3    3 26 20  43 00 B  5   42527 1 1  4.6  -28.9   45.9   50.5
  12  2 =UMa  4    3 26 10  47 10 B  5   44390 1 1  4.7   47.4   31.4   44.9
  13  2 =UMa  5    3 26 40  47 00 B  5   45038 2 1  4.8   92.9   37.2   73.2
  14  2 =UMa  6    3 28 10  50 30 B  5   46977 1 1  4.5   71.0   28.5   53.2
  15  2 =UMa  7    4 00 30  43 50 B  4   45075 1 1  4.7   -2.0   30.1   30.1
  16  2 =UMa  8    4 02 30  44 20 B  4   46733 1 1  3.7   71.9   33.0   60.9
  17  2 =UMa  9    4 09 00  42 00 B  4   48319 1 1  3.8   21.4   35.1   38.5 *
  18  2 =UMa 10    4 11 00  44 00 B  4f  48402 2 1  4.6   78.4 -358.0  362.8 *
  19  2 =UMa 11    4 10 40  35 00 B  3   46853 1 1  3.2    2.4   10.9   11.1
  20  2 =UMa 12    4 05 30  29 20 B  3   44127 1 1  3.1   32.3   12.6   30.8
  21  2 =UMa 13    4 06 20  28 20 B  3   44471 1 1  3.6   37.1   27.0   42.3
  22  2 =UMa 14    4 05 40  36 00 B  4   45493 1 1  4.8   36.3  -10.3   31.1
  23  2 =UMa 15    4 05 50  33 00 B  4   44901 1 1  4.5   21.3   15.9   23.9
  24  2 =UMa 16    4 17 40  49 00 B  2   54061 1 1  1.8   27.9   32.8   37.5
  25  2 =UMa 17    4 22 10  44 30 B  2   53910 1 1  2.3    6.1   24.3   24.7
  26  2 =UMa 18    5 03 10  51 00 B  3   59774 1 1  3.3   36.4   28.6   36.5
  27  2 =UMa 19    5 03 00  46 30 B  2   58001 1 1  2.4   14.0   27.5   29.2
  28  2 =UMa 20    4 22 40  29 20 B  3   50372 1 1  3.5   -3.4   26.0   26.2
  29  2 =UMa 21    4 24 10  28 15 B  3   50801 2 1  3.1    5.7   34.4   34.7
  30  2 =UMa 22    5 01 40  35 15 B  4b  54539 1 1  3.0    5.6   10.4   11.4
  31  2 =UMa 23    5 09 50  25 50 B  3   55219 1 1  3.5  -11.6   12.6   16.3
  32  2 =UMa 24    5 10 20  25 00 B  3   55203 1 1  3.8   -1.3  -22.9   23.0
  33  2 =UMa 25    5 12 10  53 30 B  2   62956 1 1  1.8  -36.0   40.6   45.8
  34  2 =UMa 26    5 18 00  55 40 B  2   65378 1 1  2.2   16.1   36.2   37.3
  35  2 =UMa 27    5 29 50  54 00 B  2   67301 1 1  1.9   -7.0   25.4   25.7
  36  2 =UMa 28a   5 27 50  39 45 B  3   63125 1 1  2.9  -14.2   23.2   25.6 *
  37  2 =UMa 29a   5 20 10  41 20 B  5   61317 1 1  4.2   58.8  -46.8   64.5
  38  2 =UMa 30a   4 15 00  17 15 B  4   45860 1 1  3.1    0.3   32.3   32.3
  39  2 =UMa 31a   4 13 20  19 10 B  4   45688 1 1  3.8   15.2   47.7   49.8
  40  2 =UMa 32a   4 16 10  20 00 B  7   46952 1 1  4.5   39.6   33.2   49.8
  41  2 =UMa 33a   4 12 10  22 30 B  7   44248 3 2  4.0 -217.1   71.8  212.2 *
  42  2 =UMa 34a   4 11 10  20 20 B  7   44700 1 1  4.6  -35.0   21.0   39.0
  43  2 =UMa 35a   4 00 00  22 15 B  7   41075 1 1  4.3   35.6   39.9   51.7
  44  3 =Dra  1    7 26 40  76 30 B  4   83608 1 1  4.9   44.2   -3.7   11.0
  45  3 =Dra  2    8 11 50  78 30 B  4b  85819 1 1  4.9   44.1   -8.4   12.2
  46  3 =Dra  3    8 13 10  75 40 B  3   85670 1 1  2.8   95.5   -7.5   24.9
  47  3 =Dra  4    8 27 20  80 20 B  4   87585 1 1  3.7    2.4   10.8   10.8
  48  3 =Dra  5    8 29 40  75 30 B  3   87833 1 1  2.2   82.3  -16.9   26.8
  49  3 =Dra  6    9 24 40  82 20 B  4   90156 1 1  5.0   85.1  -20.2   23.3
  50  3 =Dra  7   10 02 20  78 15 B  4   91755 1 1  5.0   76.5   -9.0   18.1
  51  3 =Dra  8    9 28 50  80 20 B  4   90905 1 1  4.8   38.0  -19.2   20.2
  52  3 =Dra  9   10 19 30  81 30 B  4   92512 1 1  4.6  -33.4  -29.2   29.6
  53  3 =Dra 10   12 08 00  81 40 B  4   95081 1 1  4.6   14.6    8.9    9.2
  54  3 =Dra 11   12 20 30  83 00 B  4   94376 1 1  3.1   88.1   -8.6   13.9
  55  3 =Dra 12    1 07 40  78 50 B  4   97433 1 1  3.8  -42.3   33.1   34.1
  56  3 =Dra 13   12 22 50  77 50 B  4   98702 1 1  4.5  103.4   14.1   25.8
  57  3 =Dra 14    1 10 40  80 30 B  5   96100 1 1  4.7   59.4   21.3   23.4
  58  3 =Dra 15    1 21 40  81 20 B  5   92782 2 1  4.8  191.0  102.4  105.6
  59  3 =Dra 16    1 26 10  80 15 B  5   94648 1 1  4.4  140.8   11.7   26.4
  60  3 =Dra 17    3 13 20  84 30 B  4   86614 2 1  4.6  157.4  -44.3   47.1 *
  61  3 =Dra 18    2 20 20  83 30 B  4   89937 1 1  3.5  138.7  -19.0   24.9
  62  3 =Dra 19    2 11 50  84 50 B  4   89908 1 1  4.2  191.7  -12.4   21.5
  63  3 =Dra 20    4 28 40  87 30 B  6   85805 1 1  5.1 -121.2  -44.4   44.8
  64  3 =Dra 21    4 21 40  86 50 B  6   86201 2 1  4.8 -431.3   -0.9   23.9
  65  3 =Dra 22    6 09 00  81 15 B  5   81660 1 1  4.8 -208.6   24.0   39.2
  66  3 =Dra 23    6 09 20  83 00 B  5   82860 1 1  4.9 -231.2   11.8   30.2
  67  3 =Dra 24    6 08 20  84 50 B  3   83895 1 1  3.2 -287.6   -3.2   26.2
  68  3 =Dra 25    6 10 00  78 00 B  3   80331 2 1  2.7  383.9   29.8   83.6
  69  3 =Dra 26    6 13 00  74 40 B  4b  78527 1 1  4.0  408.4   -8.7  108.8
  70  3 =Dra 27    6 12 40  70 00 B  3   75458 1 1  3.3 -324.9   66.8  127.1
  71  3 =Dra 28    5 07 20  64 40 B  4   67627 1 1  4.6    7.2   34.9   35.0
  72  3 =Dra 29    5 11 10  65 30 B  3   68756 1 1  3.7  -68.9   46.5   54.4
  73  3 =Dra 30    4 19 10  61 15 B  3   61281 2 1  3.8   -8.8   20.5   20.9
  74  3 =Dra 31    4 13 10  56 15 B  3   56211 1 1  3.8   -0.6   48.1   48.1
  75  4 =Cep  1    2 05 00  75 40 B  4   99255 1 1  4.4   97.1  -25.2   35.1
  76  4 =Cep  2    2 03 00  64 15 B  4  116727 1 1  3.2   20.4    7.2   11.4
  77  4 =Cep  3    1 07 20  71 10 B  4  106032 1 1  3.2  116.9  -10.4   39.3
  78  4 =Cep  4   12 16 40  69 00 B  3  105199 1 1  2.5  -17.1   -5.4    8.2
  79  4 =Cep  5   12 09 20  72 00 B  4  102422 1 1  3.4 -125.7  -27.7   48.1
  80  4 =Cep  6   12 10 00  74 00 B  4  101093 1 1  4.2  -66.1   -4.0   18.7
  81  4 =Cep  7   12 28 30  65 30 B  5  108917 1 1  4.3  -53.5   12.8   25.5
  82  4 =Cep  8    1 07 30  62 30 B  4b 112724 1 1  3.5  -32.2   -1.8   15.0
  83  4 =Cep  9   12 16 20  60 15 B  5  109857 1 1  4.2   -9.3  -11.4   12.3
  84  4 =Cep 10   12 17 20  61 15 B  4  109492 1 1  3.4   12.0  -10.1   11.6
  85  4 =Cep 11   12 19 00  61 20 B  5  109556 1 1  5.1   35.0   29.2   33.6
  86  4 =Cep 12a  12 13 40  64 00 B  5  107259 1 1  4.2  -17.9    8.9   11.9
  87  4 =Cep 13a  12 21 20  59 30 B  4  110991 1 1  4.1  -11.7   -2.4    6.4
  88  5 =Boo  1    6 02 20  58 40 B  5   69483 1 1  4.5   11.0   12.7   13.9
  89  5 =Boo  2    6 04 10  58 20 B  5   69713 1 1  4.8  -14.9   31.6   32.6
  90  5 =Boo  3    6 05 20  60 10 B  5   70497 1 1  4.0  -13.3   13.4   14.9
  91  5 =Boo  4    6 09 40  54 40 B  5   69732 1 1  4.2   14.5    0.1    8.4
  92  5 =Boo  5    6 19 40  49 00 B  3   71075 1 1  3.0   55.8   35.5   50.8
  93  5 =Boo  6    6 26 40  53 50 B  4b  73555 1 1  3.5   20.2   27.6   30.0
  94  5 =Boo  7    7 05 40  48 40 B  4b  74666 1 1  3.5   11.8   29.5   30.5
  95  5 =Boo  8    7 05 40  53 15 B  4   75411 1 1  4.3   27.0   19.0   24.9
  96  5 =Boo  9    7 05 00  57 30 B  4   76041 1 2  5.0   28.8   -7.6   17.3 *
  97  5 =Boo 10    7 07 40  46 30 B  4b  75312 2 1  5.0  129.8   32.0   94.5
  98  5 =Boo 11    7 08 30  45 30 B  5   74596 1 3  5.3  -22.2  -17.2   23.2 *
  99  5 =Boo 12    7 08 10  41 20 B  5   73996 2 1  4.9   -8.4  -39.1   39.6
 100  5 =Boo 13    7 06 40  41 40 B  5   74087 2 2  5.7   68.6   23.7   56.3 *
 101  5 =Boo 14    7 07 00  42 30 B  5   73745 1 2  4.5  -29.2   -8.0   23.0 *
 102  5 =Boo 15    7 07 20  40 20 B  5   73568 1 1  4.8  -38.6    1.5   29.5
 103  5 =Boo 16    7 00 00  40 15 B  3   72105 2 1  2.3   61.4   30.5   55.8
 104  5 =Boo 17    6 25 40  41 40 B  4   71284 2 1  4.5   59.8   28.4   52.8
 105  5 =Boo 18    6 25 00  42 10 B  4b  71053 1 1  3.6   45.1   21.3   39.5
 106  5 =Boo 19    7 05 20  28 00 B  3   71795 2 1  3.8   37.9    1.7   33.5
 107  5 =Boo 20    6 21 20  28 00 B  3   67927 2 1  2.7   53.5   22.7   52.3
 108  5 =Boo 21    6 20 30  26 30 B  4   67275 1 1  4.5   41.5   11.1   38.8
 109  5 =Boo 22    6 21 20  25 00 B  4   67459 1 1  4.1   53.8   17.4   51.7
 110  5 =Boo 23a   6 27 00  31 30 B  1   69673 1 1 -0.1   19.5   41.4   44.6
 111  6 =CrB  1    7 14 40  44 30 B  2b  76267 1 1  2.2   23.7    2.3   17.1
 112  6 =CrB  2    7 11 40  46 30 B  4b  75695 1 1  3.7   28.9  -16.7   26.0
 113  6 =CrB  3    7 11 50  48 00 B  5   76127 1 1  4.1   28.3   44.4   48.2
 114  6 =CrB  4    7 13 40  50 30 B  6   77048 1 1  5.6   83.2    9.9   53.8
 115  6 =CrB  5    7 17 10  44 45 B  4   76952 1 1  3.8   42.0   -3.1   30.0
 116  6 =CrB  6    7 19 10  44 50 B  4   77512 1 1  4.6   48.3   11.3   36.0
 117  6 =CrB  7    7 21 20  46 10 B  4   78159 1 1  4.1   43.7    9.7   31.8
 118  6 =CrB  8    7 21 40  49 20 B  4   78493 1 1  5.0   15.1    3.0   10.2
 119  7 =Her  1    8 17 40  37 30 B  3   84345 1 1  2.8   91.8    2.5   72.9
 120  7 =Her  2    8 03 40  43 00 B  3   80816 1 1  2.8   27.7   -1.8   20.4
 121  7 =Her  3    8 01 40  40 10 B  3   80170 1 1  3.7   33.5    3.8   25.9
 122  7 =Her  4    7 28 00  37 10 B  4   79043 1 1  5.0   42.6   17.4   38.1
 123  7 =Her  5    8 16 40  48 00 B  3   84379 1 1  3.1   66.4    3.1   44.5
 124  7 =Her  6    8 22 00  49 30 B  4b  85693 1 1  4.4   55.1    3.7   36.0
 125  7 =Her  7    8 27 40  52 00 B  4b  86974 1 1  3.4   52.1   -9.9   33.6
 126  7 =Her  8    9 05 30  52 50 B  4b  88794 1 1  3.8   18.2  -22.3   24.9
 127  7 =Her  9    9 01 40  54 00 B  4b  87998 1 1  4.4   52.4   -5.5   31.3
 128  7 =Her 10    9 01 30  53 00 B  4   87933 1 1  3.7   41.9   -1.3   25.3
 129  7 =Her 11    8 03 50  53 10 B  3   81693 1 1  2.8   63.4    3.2   38.1
 130  7 =Her 12    8 10 10  53 30 B  5   83207 1 1  3.9   69.6   -0.0   41.4
 131  7 =Her 13    8 10 00  56 30 B  5   83313 1 1  5.3   55.9  -20.4   37.1
 132  7 =Her 14    8 11 10  58 30 B  3   83838 1 3  5.4   85.3   14.2   46.6 *
 133  7 =Her 15    8 14 00  59 50 B  4   84380 1 1  3.2   62.4   -0.8   31.4
 134  7 =Her 16    8 15 20  60 20 B  4   84606 1 1  4.6   37.6    0.5   18.6
 135  7 =Her 17    8 16 20  61 15 B  4b  85112 2 1  4.2  123.1  -51.3   78.9
 136  7 =Her 18    9 00 50  61 00 B  4   87808 1 1  3.9   43.0   -2.2   21.0
 137  7 =Her 19    8 22 10  69 20 B  4   86414 1 1  3.8   41.5   12.5   19.2
 138  7 =Her 20    8 15 20  70 15 B  6   84835 1 1  5.5 -110.7  -59.5   70.7
 139  7 =Her 21    8 16 50  71 15 B  6   85379 1 1  5.8  -82.8   13.1   29.5
 140  7 =Her 22    8 19 40  72 15 B  6   86182 1 1  5.3   45.5  -14.5   20.1
 141  7 =Her 23    8 00 40  60 15 B  4b  81833 1 1  3.5   53.0   19.4   32.6
 142  7 =Her 24    7 25 20  63 00 B  4   81126 1 1  4.2   41.9   21.4   28.5
 143  7 =Her 25    7 15 40  65 30 B  4b  79992 1 1  3.9   83.7   30.5   46.0
 144  7 =Her 26    7 13 40  63 40 B  4   79101 1 1  4.2   40.6   17.1   24.8
 145  7 =Her 27    7 10 10  64 15 B  4   78592 1 1  4.7   44.2   15.4   24.6
 146  7 =Her 28    7 11 10  60 00 B  4   77760 1 1  4.6  -22.8    1.5   11.5
 147  7 =Her 29    7 05 00  57 30 B  4   76041 6 2  5.0   28.8   -7.6   17.3
 148  7 =Her 30a   8 02 40  38 10 B  5   80463 2 1  4.6  112.0 -163.2  186.2
 149  8 =Lyr  1    9 17 20  62 00 B  1   91262 1 1  0.0   54.8   -8.8   27.2
 150  8 =Lyr  2    9 20 20  62 40 B  4b  91919 1 1  4.7   91.7   -2.3   42.2 *
 151  8 =Lyr  3    9 20 20  61 00 B  4b  91971 1 1  4.3   58.7  -24.1   37.5 *
 152  8 =Lyr  4    9 23 40  60 00 B  4   92791 2 3  4.2   76.4  -25.4   46.1 *
 153  8 =Lyr  5   10 02 00  61 20 B  4   94481 1 1  4.4   84.2  -24.8   47.6
 154  8 =Lyr  6   10 01 40  60 20 B  4   94713 2 1  4.3  131.6  -31.5   72.8
 155  8 =Lyr  7    9 21 00  56 10 B  3   92420 1 1  3.5   66.5    5.2   37.4
 156  8 =Lyr  8    9 20 50  55 00 B  4f  92405 1 1  5.2   59.6   27.7   43.9
 157  8 =Lyr  9    9 24 10  55 20 B  3   93194 2 1  3.3   60.0   -3.6   34.3
 158  8 =Lyr 10    9 24 10  54 45 B  4f  93279 1 1  4.9   72.3   -3.4   41.9
 159  9 =Cyg  1   10 04 30  49 00 B  3   95947 1 1  3.0    1.1   12.7   12.7 *
 160  9 =Cyg  2   10 09 00  50 30 B  5   96683 1 1  4.7  -47.3   20.0   36.1
 161  9 =Cyg  3   10 16 20  54 30 B  4b  98110 1 1  3.9   -0.3   -0.6    0.7
 162  9 =Cyg  4   10 28 30  57 20 B  3  100453 1 1  2.2  -12.7   -2.8    7.4
 163  9 =Cyg  5   11 09 10  60 00 B  2  102098 1 1  1.3  -18.4    1.4    9.3
 164  9 =Cyg  6   10 19 20  64 40 B  3   97165 1 1  2.9   21.2   -4.4   10.1
 165  9 =Cyg  7   10 22 30  69 40 B  4   96441 1 1  4.5  -23.9    0.0    8.3
 166  9 =Cyg  8   10 21 10  71 30 B  4b  95853 1 1  3.8   22.3    4.7    8.5
 167  9 =Cyg  9   10 16 40  74 00 B  4b  94779 1 1  3.8  107.7   -2.7   29.9
 168  9 =Cyg 10   11 00 50  49 30 B  3  102488 1 1  2.5   -8.3   -1.2    5.5
 169  9 =Cyg 11   11 03 50  52 10 B  4b 102589 1 1  4.5  -41.9  -24.3   35.4
 170  9 =Cyg 12   11 06 40  44 00 B  3  104732 1 1  3.2  -16.6   -8.4   14.6
 171  9 =Cyg 13   11 10 00  55 10 B  4b 103413 1 1  3.9  -23.9   -7.6   15.6
 172  9 =Cyg 14   11 14 30  57 00 B  4b 104060 1 1  3.7  -12.8  -19.4   20.6
 173  9 =Cyg 15   11 01 10  64 00 B  4   99675 2 1  3.8   28.1  -15.0   19.4
 174  9 =Cyg 16   11 02 40  64 30 B  4   99848 1 1  4.0   43.2   -4.3   19.1
 175  9 =Cyg 17   11 12 10  64 45 B  5  101138 2 1  4.9 -152.8  -35.6   74.9
 176  9 =Cyg 18a  11 10 40  49 40 B  4b 104887 1 1  3.7   60.6   49.7   63.1
 177  9 =Cyg 19a  11 13 50  51 40 B  4b 105102 1 1  4.2   -3.6   -4.7    5.2
 178 10 =Cas  1    1 07 50  45 20 B  4b   2920 2 1  3.7   32.5  -45.9   51.4
 179 10 =Cas  2    1 10 50  46 45 B  3    3179 1 1  2.2   15.3  -16.1   19.2
 180 10 =Cas  3    1 13 00  47 50 B  4    3821 1 1  3.5    4.9  -22.1   22.3
 181 10 =Cas  4    1 16 40  49 00 B  3b   4427 2 1  2.2   34.1  -22.2   31.6
 182 10 =Cas  5    1 20 40  45 30 B  3    6686 1 1  2.7   21.6   48.8   51.1
 183 10 =Cas  6    1 27 00  47 45 B  4    8886 2 1  3.3   60.9  -24.8   48.0
 184 10 =Cas  7    2 01 40  47 20 B  4    9312 3 3  5.3 -132.0   31.1   94.3
 185 10 =Cas  8    1 14 40  44 20 B  4    5542 1 1  4.3   16.2  -79.3   80.1
 186 10 =Cas  9    1 17 40  45 00 B  5    6242 1 1  4.9   67.9   -6.1   48.5
 187 10 =Cas 10    1 02 20  50 00 B  6  118243 2 1  4.9   69.9  -43.5   62.8
 188 10 =Cas 11    1 15 00  52 40 B  4f   2599 1 1  4.2   57.3  -34.5   49.2
 189 10 =Cas 12    1 07 50  51 40 B  3     746 1 1  2.3   23.4  -20.1   24.8
 190 10 =Cas 13    1 03 40  51 40 B  6  117863 2 1  4.5   46.7  -38.5   48.3
 191 11 =Per  1    1 26 40  40 30 B  9       0 1 1  3.7   49.0  -22.6   43.6 *
 192 11 =Per  2    2 01 10  37 30 B  4   13268 1 1  3.8   43.7  -14.9   37.8
 193 11 =Per  3    2 02 40  34 30 B  3f  14328 1 1  2.9   32.5  -12.7   29.7
 194 11 =Per  4    1 27 30  32 20 B  4   12777 1 1  4.1    9.8  -49.6   50.3
 195 11 =Per  5    2 00 40  34 30 B  4   13531 1 1  3.9   26.3  -21.9   30.9
 196 11 =Per  6    2 01 30  31 10 B  4   14632 1 1  4.1    8.7  -29.2   30.2
 197 11 =Per  7    2 04 50  30 00 B  2   15863 1 1  1.8   24.2   -6.3   21.9
 198 11 =Per  8    2 05 20  27 50 B  4   16335 1 1  4.4   25.7   -2.9   22.9
 199 11 =Per  9    2 07 00  27 40 B  4   16826 1 1  4.3   -6.5    4.2    7.1
 200 11 =Per 10    2 07 40  27 20 B  3   17358 1 1  3.0   16.7  -15.6   21.5
 201 11 =Per 11    2 00 30  27 00 B  4   14668 1 1  3.8   16.5  -62.7   64.4
 202 11 =Per 12    1 29 40  23 00 B  2   14576 1 1  2.1  -20.8  -48.3   52.0
 203 11 =Per 13    1 29 10  21 00 B  4   14817 1 1  4.6   21.5  -16.3   25.9
 204 11 =Per 14    1 27 40  21 00 B  4   14354 1 1  3.3   20.2  -34.4   39.3
 205 11 =Per 15    1 26 50  22 15 B  4   13879 1 1  4.7   13.1  -43.2   44.9
 206 11 =Per 16    2 14 50  28 00 B  4   20070 1 1  4.6    5.7   13.2   14.1
 207 11 =Per 17    2 13 00  28 10 B  4   19167 1 1  4.3   -5.5   28.4   28.9
 208 11 =Per 18    2 12 20  25 00 B  4   19343 1 1  4.0   17.6   59.5   61.6
 209 11 =Per 19    2 14 00  26 15 B  4   19812 1 1  4.1   -4.2   12.1   12.6
 210 11 =Per 20    2 14 10  24 30 B  5   20354 1 1  4.8   34.3   -7.6   32.2
 211 11 =Per 21    2 16 20  18 45 B  5   21476 1 1  4.3   22.1   -0.3   21.0
 212 11 =Per 22    2 06 50  21 50 B  4b  17529 1 1  3.8    8.3    3.8    8.6
 213 11 =Per 23    2 08 40  19 15 B  3   18532 1 1  2.9    8.2  -22.6   23.9
 214 11 =Per 24    2 08 20  14 45 B  4   18614 1 1  4.0  -14.5   -3.8   14.5
 215 11 =Per 25    2 04 10  12 00 B  3f  17448 1 1  3.8    5.5   -3.3    6.3
 216 11 =Per 26    2 06 20  11 00 B  3b  18246 1 1  2.8   -5.8    5.3    7.7
 217 11 =Per 27a   2 11 50  18 00 B  5   19811 1 1  4.7   26.0   40.7   47.6
 218 11 =Per 28a   2 15 00  31 00 B  5   19949 1 1  5.2   27.9   28.6   37.2
 219 11 =Per 29a   1 24 40  20 40 B  7   13254 1 1  4.2   13.8    9.1   15.8
 220 12 =Aur  1    3 02 30  30 00 B  4   28358 1 1  3.7   27.0   38.5   45.1
 221 12 =Aur  2    3 02 20  31 50 B  4   27949 1 1  5.0   -5.8    8.7   10.1
 222 12 =Aur  3    2 25 00  22 30 B  1   24608 1 1  0.1   -3.7   20.4   20.7
 223 12 =Aur  4    3 02 50  20 00 B  2   28360 1 1  1.9   12.1   73.6   74.5
 224 12 =Aur  5    3 01 10  15 15 B  4   27673 1 1  4.0   12.4   11.4   16.5
 225 12 =Aur  6    3 02 50  13 20 B  4b  28380 1 1  2.7   10.4   12.1   15.8
 226 12 =Aur  7    2 22 00  20 40 B  4b  23416 1 1  3.0   -2.9    0.1    2.7
 227 12 =Aur  8    2 22 10  18 00 B  4b  23767 1 1  3.2   22.3    2.9   21.4
 228 12 =Aur  9    2 22 00  18 00 B  4   23453 1 1  3.7  -15.8   -3.7   15.5
 229 12 =Aur 10    2 19 50  10 10 B  3f  23015 1 1  2.7   -5.6    1.5    5.7
 230 12 =Aur 11    2 25 40  05 00 B  3b  25428 1 1  1.6   -0.4   12.5   12.5
 231 12 =Aur 12    2 26 00  08 30 B  5   25984 2 1  4.7   75.5    6.7   75.0
 232 12 =Aur 13    2 26 20  12 10 B  5   25541 1 1  5.1   -1.6  -71.8   71.8
 233 12 =Aur 14    2 20 40  10 20 B  6       0 5 3  0.0    0.0    0.0    0.0
 234 13 =Oph  1    8 24 50  36 00 B  3b  86032 1 1  2.1   35.3   14.6   32.0
 235 13 =Oph  2    8 28 00  27 15 B  4b  86742 1 1  2.8   26.7   52.7   57.7
 236 13 =Oph  3    8 29 00  26 30 B  4   87108 1 1  3.8   43.7   -3.7   39.3
 237 13 =Oph  4    8 13 20  33 00 B  4   82673 1 1  4.4   22.4  -12.4   22.5
 238 13 =Oph  5    8 14 40  31 50 B  4   83000 1 1  3.2   23.5   17.9   26.8
 239 13 =Oph  6    8 08 20  24 30 B  4   80883 1 1  3.8   18.7  -38.5   42.1
 240 13 =Oph  7    8 05 00  17 00 B  3   79593 1 1  2.7   21.7   34.7   40.5
 241 13 =Oph  8    8 06 00  16 30 B  3   79882 1 1  3.2   31.0    9.6   31.2
 242 13 =Oph  9    8 26 40  15 00 B  4   86284 1 1  4.6   44.3   30.3   52.4
 243 13 =Oph 10    9 02 20  13 40 B  4f  88048 1 1  3.3   30.9   21.0   36.6
 244 13 =Oph 11    9 03 20  14 20 B  4   88404 2 1  4.8   32.3   73.7   80.0
 245 13 =Oph 12    8 21 10  07 30 B  3   84012 1 1  2.4   -8.1   -5.1    9.5
 246 13 =Oph 13    8 23 40  02 15 B  4b  84893 1 1  4.4    9.8    9.5   13.7
 247 13 =Oph 14    8 23 00  02 15 A  4   84405 1 1  4.3   20.0  -19.6   28.0
 248 13 =Oph 15    8 24 20  01 30 A  4b  84970 1 1  3.3    9.4   -3.0    9.9
 249 13 =Oph 16    8 25 00  00 20 A  4   85340 1 1  4.2   25.2  -16.6   30.2
 250 13 =Oph 17    8 25 50  00 15 A  5   85755 2 1  4.8   43.5   -8.4   44.3
 251 13 =Oph 18    8 27 10  01 00 B  5   86736 3 3  4.9  127.7   60.6  141.3
 252 13 =Oph 19    8 12 10  11 50 B  3   81377 1 1  2.5    7.6  -11.7   13.8
 253 13 =Oph 20    8 11 40  05 20 B  5b  80894 1 1  4.3    6.1    9.1   11.0
 254 13 =Oph 21    8 10 40  03 10 B  5   80569 1 1  4.2   23.8   19.9   31.0
 255 13 =Oph 22    8 09 50  01 40 B  5b  80343 1 1  4.5   48.7   10.6   49.8
 256 13 =Oph 23    8 12 20  00 40 B  5   80975 1 1  4.4   22.5    0.5   22.5
 257 13 =Oph 24    8 10 40  00 45 A  4   80473 1 1  4.6   51.8  -43.8   67.9
 258 13 =Oph 25a   9 02 00  28 10 B  4   88149 1 1  4.8   69.8   -4.1   61.7
 259 13 =Oph 26a   9 02 40  26 20 B  4   88192 1 1  3.9   36.2   19.5   37.8
 260 13 =Oph 27a   9 03 00  25 00 B  4   88290 1 1  4.4   33.8    2.0   30.7
 261 13 =Oph 28a   9 03 40  27 00 B  4   88601 2 1  4.0   51.9  -13.0   48.1
 262 13 =Oph 29a   9 04 40  33 00 B  4   88771 1 1  3.7   38.0   13.4   34.5
 263 14 =Ser  1    7 18 50  38 00 B  4   76852 1 1  4.5   78.9   20.8   65.4
 264 14 =Ser  2    7 21 40  40 00 B  4   77661 1 1  4.7   49.7   12.9   40.2
 265 14 =Ser  3    7 24 20  36 00 B  3   78072 1 1  3.8   57.6    6.4   47.0
 266 14 =Ser  4    7 22 00  34 15 B  3   77233 1 1  3.7   51.5   18.3   46.2
 267 14 =Ser  5    7 21 20  37 15 B  4   77450 2 1  4.1   84.7    8.1   67.9
 268 14 =Ser  6    7 23 10  42 30 B  4   78554 1 1  4.8  113.9    9.6   84.4
 269 14 =Ser  7    7 21 40  29 15 B  3   76276 1 1  3.8  -17.5   -8.9   17.7
 270 14 =Ser  8    7 24 50  26 30 B  4   77257 1 1  4.4   42.4   20.1   42.9
 271 14 =Ser  9    7 24 20  25 20 B  3   77070 1 1  2.6   40.2   21.1   42.0
 272 14 =Ser 10    7 26 20  24 00 B  3   77622 1 1  3.7   56.5   10.9   52.8
 273 14 =Ser 11    7 28 50  16 30 B  4   77516 1 1  3.5   12.2    0.0   11.7
 274 14 =Ser 12    8 08 10  13 15 B  5   80628 1 1  4.6   89.4   14.0   88.1
 275 14 =Ser 13    8 23 40  10 30 B  4   84880 1 1  4.3  -18.8    2.3   18.7
 276 14 =Ser 14    8 27 00  08 30 B  4b  86263 1 1  3.5   39.2  -14.8   41.5
 277 14 =Ser 15    8 27 50  10 50 B  4   86565 1 1  4.2   41.3   -1.7   40.6
 278 14 =Ser 16    9 03 40  20 00 B  4   88175 1 1  4.6  -32.8    3.4   31.0
 279 14 =Ser 17    9 08 40  21 10 B  4b  89962 1 1  3.2   28.6   -3.0   26.8
 280 14 =Ser 18    9 18 20  27 00 B  4   92946 1 1  4.6   31.4    8.1   29.1
 281 15 =Sge  1   10 10 10  39 20 B  4   98337 1 1  3.5    3.2    4.7    5.3
 282 15 =Sge  2   10 06 40  39 10 B  6   97496 2 1  5.0   34.6   28.2   38.9
 283 15 =Sge  3   10 05 50  39 30 B  5   97365 1 1  3.7   46.2  -21.5   41.7
 284 15 =Sge  4   10 04 40  39 00 B  5   96757 1 1  4.4  -23.8    2.8   18.7
 285 15 =Sge  5   10 03 20  38 40 B  5   96837 2 1  4.4   64.6  -11.2   51.7
 286 16 =Aql  1   10 07 10  26 50 B  4   98823 1 1  5.5   61.7   24.8   60.3
 287 16 =Aql  2   10 04 50  27 10 B  3   98036 1 1  3.7   47.7    0.9   42.5
 288 16 =Aql  3   10 03 50  29 10 B  2b  97649 1 1  0.8   42.3   13.3   39.2
 289 16 =Aql  4   10 04 40  30 00 B  3f  97675 2 1  5.1   35.9   69.0   75.6
 290 16 =Aql  5   10 03 10  31 30 B  3   97278 1 1  2.7   56.4   -0.6   48.1
 291 16 =Aql  6   10 06 00  31 30 B  5   98103 2 1  5.3   66.5   14.3   58.4
 292 16 =Aql  7    9 29 40  28 40 B  5   96229 1 1  4.4   10.9   21.2   23.3
 293 16 =Aql  8   10 01 10  26 40 B  5b  96665 1 1  5.2  -12.3    3.6   11.6
 294 16 =Aql  9    9 22 10  36 40 B  3   93747 1 1  3.0   48.2   -9.6   39.9
 295 16 =Aql 10a  10 03 40  21 40 B  3   97804 1 1  3.9   -5.4    6.3    8.1
 296 16 =Aql 11a  10 08 50  19 10 B  3   99473 2 1  3.2  -47.9  -12.4   46.9
 297 16 =Aql 12a   9 26 00  25 00 B  4b  95501 1 1  3.4   36.5    3.2   33.2
 298 16 =Aql 13a   9 28 30  20 00 B  3   96468 1 1  4.4   28.4   16.6   31.4
 299 16 =Aql 14a   9 29 40  15 30 B  5   96483 2 1  4.9 -101.6  -53.8  111.9
 300 16 =Aql 15a   9 21 10  18 10 B  3   93805 1 1  3.4  -42.0  -16.8   43.3
 301 17 =Del  1   10 17 40  29 10 B  3f 101421 1 1  4.0  -24.5    7.6   22.7
 302 17 =Del  2   10 18 40  29 00 B  4f 101800 1 1  5.4  -10.1    1.9    9.1
 303 17 =Del  3   10 18 40  27 45 B  4  101916 1 1  5.1  -26.0   -0.9   23.0
 304 17 =Del  4   10 18 30  32 00 B  3f 101769 2 1  3.6   59.4    9.6   51.2
 305 17 =Del  5   10 20 10  33 50 B  3f 101958 2 1  3.8   24.0  -36.9   42.0
 306 17 =Del  6   10 21 20  32 00 B  3f 102281 1 1  4.4    1.6    9.1    9.2
 307 17 =Del  7   10 23 10  33 10 B  3f 102532 1 1  4.3  -30.6  -10.5   27.7
 308 17 =Del  8   10 17 30  30 15 B  6  101483 1 1  5.4   28.8   37.5   45.0
 309 17 =Del  9   10 17 30  31 50 B  6  101589 2 1  4.6   86.6   31.1   79.7
 310 17 =Del 10   10 19 00  31 30 B  6  101882 2 1  5.7   25.7  -41.6   47.1
 311 18 =Equ  1   10 26 20  20 30 B  7  104987 1 1  3.9   -3.6   -8.7    9.3
 312 18 =Equ  2   10 28 00  20 40 B  7  105570 1 1  5.2   34.8   31.6   45.4
 313 18 =Equ  3   10 26 20  25 30 B  7  104521 1 1  4.7   17.6   -3.3   16.2
 314 18 =Equ  4   10 27 40  25 00 B  7  104858 1 1  4.5    0.8    4.4    4.5
 315 19 =Peg  1   12 17 50  26 00 B  2f    677 1 1  2.1  -20.2  -16.1   24.2
 316 19 =Peg  2   12 12 10  12 30 B  2f   1067 1 1  2.8    8.4    3.6    9.0
 317 19 =Peg  3   12 02 10  31 00 B  2f 113881 1 1  2.4   18.5    7.3   17.5
 318 19 =Peg  4   11 26 40  19 40 B  2f 113963 1 1  2.5   -1.0  -11.5   11.5
 319 19 =Peg  5   12 04 30  25 30 B  4  115250 1 1  4.6  -14.2    4.6   13.6
 320 19 =Peg  6   12 05 00  25 00 B  4  115623 1 1  4.4    4.3  -11.1   11.7
 321 19 =Peg  7   11 29 00  35 00 B  3  112158 1 1  2.9    0.1    8.8    8.8
 322 19 =Peg  8   11 28 30  34 30 B  5  112051 1 1  4.8  -17.8   -2.8   15.0
 323 19 =Peg  9   11 26 10  29 00 B  4  112440 1 1  4.0    6.0   -9.0   10.4
 324 19 =Peg 10   11 27 00  29 30 B  4  112748 1 1  3.5   33.5   -1.5   29.2
 325 19 =Peg 11   11 18 50  18 00 B  3  112029 1 1  3.4   27.2  -13.7   29.3
 326 19 =Peg 12   11 20 30  19 00 B  4  112447 1 1  4.2   37.2  -12.9   37.5
 327 19 =Peg 13   11 21 20  15 00 B  5  113186 1 1  4.9   20.7  -26.9   33.5
 328 19 =Peg 14   11 20 30  16 00 B  5  112935 1 1  5.2   41.1   -8.4   40.4
 329 19 =Peg 15   11 09 20  16 30 B  3  109427 1 1  3.5   29.8   -0.2   28.6
 330 19 =Peg 16   11 08 00  16 00 B  4  109068 1 1  4.9   23.5  -13.5   26.3
 331 19 =Peg 17   11 05 20  22 30 B  3b 107315 1 1  2.4  -16.5  -15.7   21.9
 332 19 =Peg 18   11 23 20  41 10 B  4b 109410 1 3  4.3  -26.3   -7.6   21.2
 333 19 =Peg 19   11 17 20  34 15 B  4b 109176 1 1  3.8    9.0    8.5   11.3
 334 19 =Peg 20   11 12 20  36 50 B  4b 107354 1 1  4.1   -8.9   -5.4    8.9
 335 20 =And  1   12 25 20  24 30 B  3    3092 1 1  3.3  -21.4  -10.8   22.3
 336 20 =And  2   12 26 20  27 00 B  4    2912 1 1  4.3  -26.4    2.7   23.6
 337 20 =And  3   12 24 20  23 00 B  4    3031 1 1  4.3   -0.3   -0.1    0.3
 338 20 =And  4   12 23 40  32 00 B  4    1473 1 1  4.5    2.4  -29.8   29.9
 339 20 =And  5   12 24 40  33 30 B  4    1366 1 1  4.6   -9.9  -13.2   15.6
 340 20 =And  6   12 25 00  32 20 B  5    1686 1 1  5.2   -8.2   -1.0    7.0
 341 20 =And  7   12 19 40  41 00 B  4  116631 1 1  4.3  -16.5   -2.4   12.7
 342 20 =And  8   12 20 40  42 00 B  4  116805 1 1  4.2   -5.1  -19.9   20.2
 343 20 =And  9   12 22 10  44 00 B  4  116584 1 1  3.8  -27.1   -3.2   19.7
 344 20 =And 10   12 24 10  17 30 B  4    3693 1 1  4.1  -20.1    2.4   19.4
 345 20 =And 11   12 25 40  15 50 B  4    4463 1 1  4.4   -5.5    0.2    5.3
 346 20 =And 12    1 03 50  26 20 B  3    5447 1 1  2.1  -17.6  -25.7   30.2
 347 20 =And 13    1 01 50  30 00 B  4    4436 1 1  3.9   28.0  -27.5   36.7
 348 20 =And 14    1 02 00  32 30 B  4    3881 1 1  4.5   23.2   -3.6   19.9
 349 20 =And 15    1 16 50  28 00 B  3    9640 1 1  2.1   34.5  -21.2   37.1
 350 20 =And 16    1 17 10  37 20 B  4f   8068 1 1  4.0   39.3  -40.0   50.9
 351 20 =And 17    1 15 10  35 40 B  4b   7607 1 1  3.6   30.4  -22.0   33.1
 352 20 =And 18    1 12 20  29 00 B  4    7513 1 1  4.1  -21.5   -2.0   18.9
 353 20 =And 19    1 12 00  28 00 B  4    7818 1 1  5.0    6.3  -13.7   14.8
 354 20 =And 20    1 10 10  35 30 B  5    5434 1 1  4.3  -29.2   42.6   48.7
 355 20 =And 21    1 12 40  34 30 B  5    6999 1 1  5.3   41.7   -6.4   35.0
 356 20 =And 22    1 14 10  32 30 B  5    7719 1 1  5.0  -27.0  -72.3   75.9
 357 20 =And 23   12 11 40  44 00 B  3  113726 2 1  3.6  -32.8  -16.9   29.0
 358 21 =Tri  1    1 11 00  16 30 B  3    8796 1 1  3.4  -56.1   15.7   56.0
 359 21 =Tri  2    1 16 00  20 40 B  3   10064 1 1  3.0  -33.5  -13.4   34.1
 360 21 =Tri  3    1 16 20  19 40 B  4   10644 1 1  4.8  -11.3   -9.8   14.5
 361 21 =Tri  4    1 16 50  19 00 B  3   10670 1 1  4.0  -10.2  -12.5   15.8
 362 22 =Ari  1    1 06 40  07 20 B  3f   8832 1 1  3.9  -23.2  -15.2   27.6
 363 22 =Ari  2    1 07 40  08 20 B  3    8903 2 1  2.6  -36.2    4.6   36.1
 364 22 =Ari  3    1 11 00  07 40 B  5   10306 1 1  5.2    9.2  -24.3   26.0
 365 22 =Ari  4    1 11 30  06 00 B  5   10732 1 1  5.6   29.6  -25.5   38.9
 366 22 =Ari  5    1 06 30  05 30 B  5    9110 1 1  5.1    6.9  -10.4   12.4
 367 22 =Ari  6    1 17 40  06 00 B  6   12332 1 1  5.4  -24.7   -1.3   24.6
 368 22 =Ari  7    1 21 20  04 50 B  5   13914 1 1  4.6   16.6  -52.1   54.7
 369 22 =Ari  8    1 23 50  01 40 B  4   14838 1 1  4.3    1.7   -1.9    2.5
 370 22 =Ari  9    1 25 20  02 30 B  4   15110 1 1  4.9  -15.8   12.5   20.2
 371 22 =Ari 10    1 27 00  01 50 B  4   15737 1 1  5.1  -14.2    4.1   14.7
 372 22 =Ari 11    1 19 40  01 30 B  5   13654 1 1  5.8   18.4  -10.8   21.4
 373 22 =Ari 12    1 18 00  01 30 A  5   13327 1 1  5.5    0.9    1.5    1.8
 374 22 =Ari 13    1 15 00  05 15 A  4b  12828 1 1  4.3   -8.7  -26.2   27.6
 375 22 =Ari 14a   1 10 40  10 00 B  3b   9884 1 1  2.0    2.8   -5.2    5.9
 376 22 =Ari 15a   1 21 40  10 10 B  4   13209 1 1  3.6  -21.3    9.0   22.9
 377 22 =Ari 16a   1 21 20  12 40 B  5   13061 1 1  4.5    6.2  -17.9   18.9
 378 22 =Ari 17a   1 19 40  11 10 B  5   12719 1 1  4.7   23.7   -3.2   23.5
 379 22 =Ari 18a   1 19 10  10 40 B  5   12489 1 1  5.3    3.9    2.7    4.7
 380 23 =Tau  1    1 26 20  06 00 A  4   16369 1 1  4.1   19.2   -8.3   20.9
 381 23 =Tau  2    1 26 00  07 15 A  4   16322 1 1  5.1   10.0  -24.5   26.4
 382 23 =Tau  3    1 24 20  08 30 A  4   16083 1 1  3.7   36.9  -29.5   46.9
 383 23 =Tau  4    1 24 20  09 15 A  4   15900 1 1  3.6   -3.3  -16.2   16.5
 384 23 =Tau  5    1 29 40  09 30 A  5   17771 1 1  5.1   44.1   38.5   58.2
 385 23 =Tau  6    2 03 40  08 00 A  3   18724 1 1  3.4    2.6  -12.0   12.3
 386 23 =Tau  7    2 06 40  12 40 A  4   19860 1 1  4.3   -2.0   14.7   14.8
 387 23 =Tau  8    2 03 00  14 50 A  4   18907 1 1  3.9   -1.9    8.3    8.5
 388 23 =Tau  9    2 12 10  10 00 A  4   21589 1 1  4.3   36.2   15.0   38.7
 389 23 =Tau 10    2 13 00  13 00 A  4   21402 2 1  4.3  -69.5   61.9   91.9
 390 23 =Tau 11    2 09 00  05 45 A  3f  20205 1 1  3.7  -10.9  -12.8   16.8
 391 23 =Tau 12    2 10 20  04 15 A  3f  20455 2 1  3.8  -26.5    2.9   26.6
 392 23 =Tau 13    2 10 50  05 50 A  3f  20885 1 1  3.8    8.4   -9.3   12.5
 393 23 =Tau 14    2 12 40  05 10 A  1   21421 1 1  0.9   10.9  -27.0   29.1
 394 23 =Tau 15    2 11 50  03 00 A  3f  20889 1 1  3.5  -20.6   12.1   23.9
 395 23 =Tau 16    2 17 10  04 00 A  4   22565 1 1  5.1  -22.3    7.0   23.3
 396 23 =Tau 17    2 20 20  05 00 A  5   23835 1 1  4.9   -2.2   30.9   31.0
 397 23 =Tau 18    2 20 00  03 30 A  5   23871 2 1  5.3   53.4   46.3   70.6
 398 23 =Tau 19    2 27 40  02 30 A  3   26451 1 1  3.0   12.3    2.0   12.5
 399 23 =Tau 20    2 15 40  00 15 A  4   21881 1 1  4.3  -25.2   42.4   49.3
 400 23 =Tau 21    2 25 40  05 00 B  3   25428 6 1  1.6   -0.4   12.5   12.5
 401 23 =Tau 22    2 12 00  00 30 B  5   20711 2 1  4.3  -28.0   22.8   36.1
 402 23 =Tau 23    2 11 40  00 15 B  5   20635 2 1  4.2  -25.8    9.0   27.3
 403 23 =Tau 24    2 07 00  00 40 B  5   19038 2 1  4.4  -29.9   23.1   37.8
 404 23 =Tau 25    2 09 00  01 00 A  6   19990 1 1  4.9   10.6    1.3   10.7
 405 23 =Tau 26    2 08 30  05 00 B  5   19513 1 1  5.4   16.7    4.8   17.3
 406 23 =Tau 27    2 08 00  07 20 B  5   19205 1 1  5.2   27.2   21.0   34.2
 407 23 =Tau 28    2 12 00  03 00 B  5   20430 1 1  5.4  -47.8   46.3   66.5
 408 23 =Tau 29    2 11 40  05 00 B  5   20250 1 1  5.0  -37.9   34.9   51.4
 409 23 =Tau 30    2 02 10  04 30 B  5   17531 2 1  4.3   29.6  -11.9   31.8 *
 410 23 =Tau 31    2 02 30  03 40 B  5   17499 2 3  3.7    0.3   18.5   18.5 *
 411 23 =Tau 32    2 03 40  03 20 B  5   17847 1 1  3.6  -13.0   22.0   25.6 *
 412 23 =Tau 33    2 03 40  05 00 B  4   17954 1 1  5.2   22.2   10.7   24.6
 413 23 =Tau 34a   1 25 00  17 30 A  4   16852 2 1  4.3   11.9  -55.0   56.2
 414 23 =Tau 35a   2 20 00  02 00 A  5   23497 1 1  4.6   -9.7   33.2   34.6
 415 23 =Tau 36a   2 24 00  01 45 A  5   24822 1 1  5.0  -20.8   30.6   37.0
 416 23 =Tau 37a   2 26 00  02 00 A  5   25539 1 1  4.9  -25.0   26.0   36.0
 417 23 =Tau 38a   2 29 00  06 20 A  5   25945 3 3  4.3 -151.1   82.2  171.3
 418 23 =Tau 39a   2 29 00  07 40 A  5   26777 1 3  4.8  -25.8   33.7   42.4
 419 23 =Tau 40a   2 27 00  00 40 B  5   26248 1 1  5.4   28.7  -12.9   31.5
 420 23 =Tau 41a   2 29 00  01 00 B  5   26640 1 1  5.2  -28.5   76.3   81.4
 421 23 =Tau 42a   3 01 00  01 20 B  5   27468 1 1  4.9  -24.9  -27.5   37.1
 422 23 =Tau 43a   3 02 20  03 20 B  5   27830 1 1  4.6  -43.7   34.3   55.5
 423 23 =Tau 44a   3 03 20  01 15 B  5   28237 1 1  4.8  -41.6   59.1   72.2
 424 24 =Gem  1    3 23 20  09 30 B  2   36850 1 1  1.6    5.2   26.2   26.7
 425 24 =Gem  2    3 26 40  06 15 B  2   37826 1 1  1.2   -0.8   16.1   16.1
 426 24 =Gem  3    3 16 40  10 00 B  4   33018 2 1  3.6 -147.9   46.9  152.9
 427 24 =Gem  4    3 18 40  07 20 B  4   34693 1 1  4.4   -7.7   10.8   13.2
 428 24 =Gem  5    3 22 00  05 30 B  4   36046 1 1  3.8    6.1    3.1    6.8
 429 24 =Gem  6    3 24 00  04 50 B  4   36962 1 1  4.1   26.2   11.2   28.4
 430 24 =Gem  7    3 26 40  02 40 B  4   37740 1 1  3.6    5.4   11.3   12.5
 431 24 =Gem  8    3 21 40  02 40 B  5   35846 1 1  5.0   18.5    3.3   18.8
 432 24 =Gem  9    3 23 10  00 20 B  5   36238 1 3  5.2   17.3  -58.8   61.2
 433 24 =Gem 10    3 13 00  01 30 B  3   32246 1 1  3.1    1.8   18.0   18.1
 434 24 =Gem 11    3 18 15  02 30 A  3   34088 1 1  4.0   -9.9   11.4   15.0
 435 24 =Gem 12    3 21 40  00 30 A  3   35550 1 1  3.5   -2.8    3.6    4.6
 436 24 =Gem 13    3 21 40  06 00 A  3   35350 1 1  3.6   14.1    7.4   15.9
 437 24 =Gem 14    3 06 30  01 30 A  4b  29655 1 1  3.3    3.8   20.2   20.6
 438 24 =Gem 15    3 08 30  01 15 A  4b  30343 1 1  2.9   -8.7   12.7   15.4
 439 24 =Gem 16    3 10 10  03 30 A  4b  30883 1 1  4.1  -16.2   10.3   19.2
 440 24 =Gem 17    3 12 00  07 30 A  3   31681 1 1  1.9   11.9   31.1   33.3
 441 24 =Gem 18    3 14 40  10 30 A  4   32362 1 1  3.3  -17.9   14.2   22.6
 442 24 =Gem 19a   3 04 10  00 40 A  4   28734 1 1  4.2   -7.8   17.0   18.7
 443 24 =Gem 20a   3 06 30  05 50 B  4b  29696 1 1  4.3   -0.6    8.7    8.7
 444 24 =Gem 21a   3 15 10  02 15 A  5   32921 1 1  5.3   -7.0   51.0   51.5
 445 24 =Gem 22a   3 28 20  01 20 A  5   37908 1 3  4.9   -6.6  -92.0   92.2
 446 24 =Gem 23a   3 26 20  03 20 A  5   37300 1 3  5.0   26.3  -40.2   48.0
 447 24 =Gem 24a   3 26 00  04 30 A  5   36616 2 3  5.4  -58.4  -20.5   61.8
 448 24 =Gem 25a   4 00 40  02 40 A  4   39177 3 3  5.6   71.0  -44.7   83.8
 449 25 =Cnc  1    4 10 20  00 20 B  9       0 1 1  0.0    0.0    0.0    0.0
 450 25 =Cnc  2    4 07 40  01 15 B  4f  41909 1 1  5.3   50.7    7.4   51.2
 451 25 =Cnc  3    4 08 00  01 10 A  4f  41822 1 1  5.3   50.8   12.6   52.3
 452 25 =Cnc  4    4 10 20  02 40 B  4b  42806 1 1  4.7   20.4   20.3   28.8
 453 25 =Cnc  5    4 11 20  00 10 A  4b  42911 1 1  3.9   27.1    9.4   28.7
 454 25 =Cnc  6    4 16 30  05 30 A  4   44066 1 1  4.3   13.2   13.5   18.8
 455 25 =Cnc  7    4 08 20  11 50 B  4   43103 1 1  4.0   64.6  -96.4  115.3
 456 25 =Cnc  8    4 02 40  01 00 B  5   39780 1 1  5.3   -7.4    8.5   11.3
 457 25 =Cnc  9    4 07 10  07 30 A  4b  40526 2 1  3.5   13.8 -179.2  179.7
 458 25 =Cnc 10a   4 19 40  02 20 A  4f  45410 1 1  5.4    5.7   72.3   72.5
 459 25 =Cnc 11a   4 21 10  05 40 A  4f  44798 1 1  5.2 -112.7   -5.4  112.3
 460 25 =Cnc 12a   4 14 00  07 15 B  5   44405 1 1  5.4    6.6  -10.3   12.2
 461 25 =Cnc 13a   4 17 00  04 50 B  5   44946 1 1  5.2  -43.1   23.1   48.7
 462 26 =Leo  1    4 18 20  10 00 B  4   46146 1 1  4.5    1.5   15.6   15.7
 463 26 =Leo  2    4 21 10  07 30 B  4   46750 1 1  4.3  -13.7   13.5   19.2
 464 26 =Leo  3    4 24 20  12 00 B  3   48455 1 1  3.9   14.9   14.9   20.8
 465 26 =Leo  4    4 24 10  09 30 B  3b  47908 1 1  3.0  -23.1    3.1   23.0
 466 26 =Leo  5    5 00 10  11 00 B  3   50335 1 1  3.4   25.5   42.8   49.6
 467 26 =Leo  6    5 02 10  08 30 B  2   50583 1 1  2.0   17.6   11.3   20.8
 468 26 =Leo  7    5 00 40  04 30 B  3   49583 1 1  3.5   18.5   13.0   22.6
 469 26 =Leo  8    5 02 30  00 10 B  1   49669 1 1  1.4   33.3   12.4   35.6
 470 26 =Leo  9    5 03 30  01 50 A  4   49637 1 1  4.4    2.5   19.6   19.8
 471 26 =Leo 10    5 00 00  00 15 A  5   48883 1 1  5.3   26.3    9.8   28.0
 472 26 =Leo 11    4 27 20  00 00 B  5   47723 1 1  5.4  -45.8   11.1   47.1
 473 26 =Leo 12    4 24 10  03 40 A  5   46771 1 1  5.0   37.0   24.0   44.0
 474 26 =Leo 13    4 27 20  04 10 A  4   47508 1 1  3.5    5.5   17.6   18.4
 475 26 =Leo 14    5 02 30  04 15 A  4   49029 1 1  4.7   -4.1   12.7   13.4
 476 26 =Leo 15    5 09 10  00 10 A  4   51624 1 1  3.8   18.8   12.4   22.5
 477 26 =Leo 16    5 07 00  04 00 B  6   51585 1 1  5.4   33.5   27.4   43.2
 478 26 =Leo 17    5 10 20  05 20 B  6   52689 1 1  5.5   26.0   33.1   42.0
 479 26 =Leo 18    5 12 10  02 20 B  6   52911 1 1  5.3   35.3   23.9   42.6
 480 26 =Leo 19    5 11 20  12 15 B  6   53954 1 1  4.4   33.8   32.7   46.5
 481 26 =Leo 20    5 14 10  13 40 B  2f  54872 1 1  2.6    3.5   36.7   36.9
 482 26 =Leo 21    5 14 20  11 10 B  5   55765 3 1  5.6  260.0   30.3  256.6
 483 26 =Leo 22    5 16 20  09 40 B  3   54879 1 1  3.3    8.8   -1.0    8.7
 484 26 =Leo 23    5 20 20  05 50 B  3   55642 1 1  4.0   11.9   13.2   17.7
 485 26 =Leo 24    5 21 40  01 15 B  4   55434 1 1  4.1   10.0   25.2   27.1
 486 26 =Leo 25    5 24 40  00 50 A  4   55945 1 1  4.9   -4.5   14.3   15.0
 487 26 =Leo 26    5 27 30  03 10 A  5   56647 1 1  4.3   39.0    4.4   39.2
 488 26 =Leo 27    5 24 30  11 50 B  1f  57632 2 1  2.1   23.6   34.5   41.5
 489 26 =Leo 28a   5 06 00  13 20 B  5   52457 1 1  5.1   34.8   31.7   46.4
 490 26 =Leo 29a   5 08 10  15 30 B  5   53417 1 1  4.3   23.6   54.3   58.9
 491 26 =Leo 30a   5 17 30  01 10 B  4f  54182 1 1  4.6   16.1   12.3   20.3
 492 26 =Leo 31a   5 17 10  00 30 A  5   53824 1 1  5.0   -2.8   14.4   14.6
 493 26 =Leo 32a   5 18 00  02 40 A  5   53807 1 1  4.8    0.5    4.9    4.9
 494 26 =Leo 33a   5 24 50  30 00 B  7   60742 2 1  4.3  121.2  -94.0  141.5 *
 495 26 =Leo 34a   5 24 20  25 00 B  7   59847 2 1  4.9  136.9  -93.1  155.7 *
 496 26 =Leo 35a   5 28 30  25 30 B  7   61394 2 1  4.8  177.0  -83.4  181.0 *
 497 27 =Vir  1    5 26 20  04 15 B  5   57380 1 1  4.0   51.6   24.6   57.0
 498 27 =Vir  2    5 26 00  05 40 B  5   57328 1 1  4.8   21.4   24.8   32.7
 499 27 =Vir  3    6 00 40  08 00 B  5   58948 1 1  4.1   12.5   32.1   34.4
 500 27 =Vir  4    6 00 30  05 30 B  5   58590 1 1  4.7    6.7   39.4   40.0
 501 27 =Vir  5    5 29 00  00 10 B  3   57757 1 1  3.6   47.1   29.1   55.3
 502 27 =Vir  6    6 08 15  01 10 B  3   60129 1 1  3.9  -18.5   14.9   23.8
 503 27 =Vir  7    6 13 10  02 50 B  3   61941 1 1  2.7   24.0    7.1   25.0
 504 27 =Vir  8    6 17 30  02 50 B  5   63494 1 1  6.0   51.0    4.6   51.1
 505 27 =Vir  9    6 21 00  01 40 B  4   64238 1 1  4.4   19.8   11.4   22.8
 506 27 =Vir 10    6 14 20  08 30 B  3   63090 1 1  3.4   25.3   18.5   31.1
 507 27 =Vir 11    6 08 10  13 30 B  5   61960 1 1  4.9   18.0    5.9   18.5
 508 27 =Vir 12    6 10 10  11 40 B  6   62267 1 1  5.2   21.4   -2.6   21.1
 509 27 =Vir 13    6 12 10  15 10 B  3b  63608 1 1  2.8   56.5   68.5   87.5
 510 27 =Vir 14    6 26 40  02 00 A  1   65474 1 1  1.0   17.4    5.2   18.1
 511 27 =Vir 15    6 24 50  08 40 B  3   66249 1 1  3.4   31.0    6.6   31.3
 512 27 =Vir 16    6 26 20  03 20 B  5   66006 1 1  4.7   22.7   -3.1   22.8
 513 27 =Vir 17    6 27 15  00 10 B  6   66098 1 1  5.2   66.0  -26.6   71.2
 514 27 =Vir 18    7 00 00  01 30 B  4f  66803 1 1  5.0   -9.1   20.1   22.0
 515 27 =Vir 19    6 28 00  03 00 A  5   65581 1 1  5.3   -4.1  -11.7   12.3
 516 27 =Vir 20    7 01 40  01 30 A  5   67172 1 1  5.5   28.4   15.0   32.1
 517 27 =Vir 21    6 28 00  08 30 B  5   67929 1 1  5.2  136.7   75.4  154.6
 518 27 =Vir 22    7 06 40  07 30 B  4   69701 1 1  4.1    7.2    5.7    9.2
 519 27 =Vir 23    7 07 20  02 40 B  4   69427 1 1  4.2   15.7   19.6   25.1
 520 27 =Vir 24    7 08 20  11 40 B  4   70755 1 1  4.8   14.4   17.2   22.2
 521 27 =Vir 25    7 10 00  00 30 B  4   69974 1 1  4.5    3.3    8.8    9.4
 522 27 =Vir 26    7 12 40  09 50 B  4   71957 1 1  3.9   23.9   10.9   25.9
 523 27 =Vir 27a   6 14 40  03 30 A  5   61740 1 1  4.7   37.8    7.4   38.4
 524 27 =Vir 28a   6 19 00  03 30 A  5   62985 1 1  4.8   18.7    9.6   21.0
 525 27 =Vir 29a   6 22 15  03 20 A  5   64078 1 1  5.2   35.3   10.1   36.7
 526 27 =Vir 30a   6 27 10  07 10 A  6   64407 1 1  5.0  -83.0  -30.7   87.9
 527 27 =Vir 31a   6 28 10  08 20 A  5   64924 1 1  4.7   19.2   -1.3   19.1
 528 27 =Vir 32a   7 05 00  07 50 A  6   67494 1 1  5.0    7.1   98.4   98.7
 529 28 =Lib  1    7 18 00  00 40 B  2   72622 1 1  2.8   13.1   -4.6   13.9 *
 530 28 =Lib  2    7 17 00  02 30 B  5   72489 1 1  5.3   17.0  -15.1   22.7
 531 28 =Lib  3    7 22 10  08 50 B  2   74785 1 1  2.6   19.1   -5.8   19.8
 532 28 =Lib  4    7 17 40  08 30 B  5   73473 1 1  4.9   42.8   -2.4   42.4
 533 28 =Lib  5    7 24 00  01 40 A  4   74392 1 1  4.5    6.9    3.6    7.8
 534 28 =Lib  6    7 21 20  01 15 B  4   73945 1 1  5.2   32.4   10.6   34.1
 535 28 =Lib  7    7 27 50  04 45 B  4   76333 1 1  3.9   20.7   -8.7   22.4
 536 28 =Lib  8    8 03 00  03 30 B  4f  77853 1 1  4.1   -5.3    7.5    9.2
 537 28 =Lib  9a   7 26 10  09 00 B  5   76219 1 1  4.6   22.4   13.0   25.6
 538 28 =Lib 10a   8 03 40  06 40 B  4f  78207 1 1  4.9  -11.3  -19.5   22.5
 539 28 =Lib 11a   8 04 20  09 15 B  4f  78727 1 1  4.2    2.3   13.8   14.0
 540 28 =Lib 12a   8 03 30  00 30 B  6   77811 1 1  5.0    3.9   -9.5   10.2
 541 28 =Lib 13a   8 00 40  00 20 B  5   76880 1 3  4.8   11.1   -3.0   11.5 *
 542 28 =Lib 14a   8 01 10  01 30 A  4   76742 3 3  5.0   15.7 -143.5  144.3 *
 543 28 =Lib 15a   7 23 00  07 30 A  3   73714 1 1  3.3   50.0    6.7   50.1
 544 28 =Lib 16a   8 01 10  08 30 A  4   76470 2 1  3.6   33.7   14.2   36.2
 545 28 =Lib 17a   8 02 00  09 40 A  4   76600 1 1  3.7   28.5   -5.6   28.6
 546 29 =Sco  1    8 06 20  01 20 B  3   78820 1 1  2.6   -3.3   -3.5    4.8
 547 29 =Sco  2    8 05 40  01 40 A  3   78401 1 1  2.3   -0.1   -2.8    2.8
 548 29 =Sco  3    8 05 40  05 00 A  3   78265 1 1  2.9   22.7  -12.5   25.8
 549 29 =Sco  4    8 06 00  07 50 A  3   78104 1 1  3.9   15.6  -29.9   33.6
 550 29 =Sco  5    8 07 00  01 40 B  4   79374 1 1  4.0   43.9   14.2   46.2
 551 29 =Sco  6    8 06 20  00 30 B  4   78933 1 1  3.9   25.7   -0.7   25.7
 552 29 =Sco  7    8 10 40  03 45 A  3   80112 1 1  2.9   14.0   -0.9   14.0
 553 29 =Sco  8    8 12 40  04 00 A  2   80763 1 1  1.1   11.8  -17.4   21.0
 554 29 =Sco  9    8 14 30  05 30 A  3   81266 1 1  2.8    3.5  -20.3   20.6
 555 29 =Sco 10    8 09 20  06 30 A  5   79404 1 1  4.6    1.1    5.6    5.7
 556 29 =Sco 11    8 10 40  06 40 A  5   79881 1 1  4.8    7.3   -8.0   10.8
 557 29 =Sco 12    8 18 30  11 00 A  3   82396 1 1  2.3   17.2  -16.3   23.5
 558 29 =Sco 13    8 18 50  15 00 A  3   82514 1 1  3.0   26.0   -8.2   26.4
 559 29 =Sco 14    8 20 00  18 00 A  4   82729 2 1  3.6   24.6  -73.6   77.2
 560 29 =Sco 15    8 20 10  18 40 A  4   82671 2 1  4.7    4.1  -42.9   43.0
 561 29 =Sco 16    8 23 10  19 30 A  3   84143 1 1  3.3   39.1  -14.2   39.5
 562 29 =Sco 17    8 28 10  18 50 A  3   86228 1 1  1.9   31.6  -31.8   43.6
 563 29 =Sco 18    9 00 30  16 40 A  3   87073 1 1  3.0    6.9   14.3   15.7
 564 29 =Sco 19    8 29 00  15 10 A  3   86670 1 1  2.4   34.0  -10.8   34.6
 565 29 =Sco 20    8 27 30  13 20 A  3   85927 1 1  1.6   11.2   -9.4   14.4
 566 29 =Sco 21    8 27 00  13 30 A  4   85696 1 1  2.7    6.7  -12.6   14.2
 567 29 =Sco 22a   9 01 10  13 15 A  9   87261 1 1  3.2  -10.9   -6.4   12.4 *
 568 29 =Sco 23a   8 25 30  06 10 A  5b  85423 1 1  4.3   27.7   -6.1   28.2
 569 29 =Sco 24a   8 29 30  04 10 A  5   87072 1 1  4.5   50.1    2.0   50.0
 570 30 =Sgr  1    9 04 30  06 30 A  3   88635 1 1  3.0   -6.9   -6.1    9.2
 571 30 =Sgr  2    9 07 40  06 30 A  3   89931 1 1  2.7   -1.0   19.5   19.5
 572 30 =Sgr  3    9 08 00  10 50 A  3   90185 1 1  1.8   11.4    8.1   13.8
 573 30 =Sgr  4    9 09 00  01 30 A  3   90496 1 1  2.8   26.2  -14.8   30.1
 574 30 =Sgr  5    9 06 40  02 50 B  4   89341 2 1  3.8  -21.8  -12.5   25.2
 575 30 =Sgr  6    9 15 20  03 10 A  3   92855 1 1  2.0    8.0    1.5    8.1
 576 30 =Sgr  7    9 13 00  03 30 A  4   92041 1 1  3.2   14.2  -10.4   17.6
 577 30 =Sgr  8    9 15 10  00 45 B  9   92761 1 1  4.9   23.6  -21.7   32.0
 578 30 =Sgr  9    9 15 40  02 10 B  4   93085 2 1  3.5   51.4  -13.3   53.0
 579 30 =Sgr 10    9 17 40  01 30 B  4   93683 1 1  3.8   22.6  -19.7   30.0
 580 30 =Sgr 11    9 19 10  02 00 B  4   94141 1 1  2.9   10.8  -16.2   19.5
 581 30 =Sgr 12    9 21 20  02 50 B  5   94820 1 1  4.9    7.0   41.9   42.5
 582 30 =Sgr 13    9 22 20  04 30 B  4   95168 1 1  3.9   13.6   -1.5   13.7
 583 30 =Sgr 14    9 22 50  06 30 B  4   95176 1 1  4.5   -0.4   -8.1    8.1
 584 30 =Sgr 15    9 25 40  05 30 B  6   96808 1 3  5.3   96.1   -9.1   96.1 *
 585 30 =Sgr 16    9 29 30  05 50 B  5   97063 4 2  5.5  -86.2   17.6   87.6 *
 586 30 =Sgr 17    9 27 40  02 00 B  6   97290 1 3  4.9   25.9  -17.9   31.5
 587 30 =Sgr 18    9 22 40  01 50 A  5   95477 2 1  5.0  -16.7  -21.2   27.0
 588 30 =Sgr 19    9 24 50  02 50 A  4   96465 2 3  4.6    3.6   -8.6    9.3 *
 589 30 =Sgr 20    9 20 00  02 30 A  5   94643 1 1  4.9    6.3   -8.2   10.3
 590 30 =Sgr 21    9 17 40  04 30 A  4b  93864 1 1  3.3   17.9  -10.3   20.6
 591 30 =Sgr 22    9 16 20  06 45 A  3   93506 1 1  2.6   23.7   -9.5   25.3
 592 30 =Sgr 23    9 17 40  23 00 A  2   95241 2 1  4.0   69.9   68.4   94.1
 593 30 =Sgr 24    9 17 00  18 00 A  2f  95347 2 1  4.0  161.4   -2.2  153.5
 594 30 =Sgr 25    9 06 40  13 00 A  3   89642 1 1  3.1    7.7   -0.0    7.5
 595 30 =Sgr 26    9 27 20  13 30 A  3   98412 2 3  4.4   35.7  -36.9   50.6
 596 30 =Sgr 27    9 26 50  20 10 A  3   98032 1 1  4.1  -74.9  -15.5   72.0
 597 30 =Sgr 28    9 27 40  04 50 A  5   98066 1 1  4.7   68.1  -21.3   71.1
 598 30 =Sgr 29    9 28 50  04 50 A  5   98353 2 1  4.8   46.8  -22.9   51.9
 599 30 =Sgr 30    9 28 50  05 50 A  5   98162 1 1  4.5    9.8  -13.6   16.7
 600 30 =Sgr 31    9 29 40  06 30 A  5   98688 1 1  4.4   27.1  -21.6   34.5
 601 31 =Cap  1   10 07 20  07 20 B  3  100064 1 1  3.6  -24.1   -9.7   25.8 *
 602 31 =Cap  2   10 07 40  06 40 B  6  100310 1 1  4.8   -7.9    9.2   12.1
 603 31 =Cap  3   10 07 20  05 00 B  3  100345 1 1  3.0  -12.8  -10.7   16.7
 604 31 =Cap  4   10 05 00  08 00 B  6   99572 1 1  5.8   31.0  -27.5   41.2 *
 605 31 =Cap  5   10 09 00  00 45 B  6  101123 1 1  5.9  -41.6   -4.7   41.9
 606 31 =Cap  6   10 08 40  01 45 B  6  100881 2 1  5.1  -51.9  -36.6   63.5
 607 31 =Cap  7   10 08 50  01 30 B  6  101027 1 1  4.8  -33.9   -4.1   34.1
 608 31 =Cap  8   10 06 10  00 40 B  5  100195 1 1  5.3  -24.1    2.0   24.2
 609 31 =Cap  9   10 11 40  03 50 B  6  101923 1 1  5.2  -16.2  -15.1   22.1
 610 31 =Cap 10   10 11 50  00 50 B  5  101984 1 1  5.2  -63.9  -22.7   67.8
 611 31 =Cap 11   10 11 40  08 40 A  4  102978 2 1  4.1  -38.4   -4.4   38.2
 612 31 =Cap 12   10 10 50  06 30 A  4  102485 1 1  4.1  -33.1  -13.4   35.5
 613 31 =Cap 13   10 16 40  07 40 A  4  104234 1 1  4.5 -104.2  -12.4  104.0
 614 31 =Cap 14   10 20 10  06 50 A  4  105881 1 1  3.8  -10.0    1.4   10.1
 615 31 =Cap 15   10 20 20  06 00 A  5  106039 2 1  4.5   14.5  -20.9   25.4
 616 31 =Cap 16   10 18 30  04 15 A  5  104963 1 1  5.2  -24.5   -4.4   24.8
 617 31 =Cap 17   10 16 40  04 00 A  5  104365 1 1  5.3  -18.6  -18.8   26.4
 618 31 =Cap 18   10 16 40  02 50 A  5  104019 1 1  4.8  -49.3    3.3   49.4
 619 31 =Cap 19   10 16 40  00 00 A  4  104139 1 1  4.1   13.8  -20.0   24.3
 620 31 =Cap 20   10 21 00  00 50 A  4  105515 1 1  4.3  -15.1  -20.4   25.4
 621 31 =Cap 21   10 23 20  04 45 A  4  106723 1 1  4.5   -4.3   -2.6    5.0
 622 31 =Cap 22   10 25 00  04 30 A  4  107188 1 1  4.7  -21.8   -7.9   23.1
 623 31 =Cap 23   10 24 50  02 10 A  3  106985 1 1  3.7   -3.8  -10.0   10.7
 624 31 =Cap 24   10 26 20  02 00 A  3  107556 1 1  2.8   12.1  -13.0   17.7
 625 31 =Cap 25   10 26 50  00 20 B  4  107095 1 1  5.2  -38.3  -13.0   40.4
 626 31 =Cap 26   10 28 40  00 00 B  5  108036 1 1  5.1    4.6  -28.1   28.5
 627 31 =Cap 27   10 27 40  02 50 B  5  107517 1 1  5.6   25.6  -43.8   50.7
 628 31 =Cap 28   10 28 40  04 20 B  5  107382 1 1  5.1   -9.2    2.3    9.4
 629 32 =Aqr  1   11 00 20  15 45 B  5  106944 1 1  5.1   48.6  -13.3   48.7
 630 32 =Aqr  2   11 06 20  11 00 B  3  109074 1 1  3.0    8.9  -12.2   15.0
 631 32 =Aqr  3   11 05 10  09 40 B  5  108874 1 1  4.7    3.5  -21.6   21.9
 632 32 =Aqr  4   10 26 30  08 50 B  3  106278 1 1  2.9    0.5   -2.5    2.6
 633 32 =Aqr  5   10 27 20  06 15 B  5  106786 1 1  4.7   -9.6   -5.5   11.0
 634 32 =Aqr  6   10 17 40  05 30 B  3  104459 1 1  4.5  107.2  -30.9  111.2
 635 32 =Aqr  7   10 16 10  08 00 B  4  103045 1 1  4.7   -0.7   28.4   28.4
 636 32 =Aqr  8   10 14 40  08 40 B  3  102618 1 1  3.8    9.6  -21.0   23.1
 637 32 =Aqr  9   11 09 30  08 45 B  3  110395 1 1  3.9   16.1  -22.8   27.8
 638 32 =Aqr 10   11 11 40  10 45 B  3  110672 1 1  4.8    3.5  -10.3   10.9
 639 32 =Aqr 11   11 12 00  09 00 B  3  110960 1 1  3.7   -4.5   -1.9    4.8
 640 32 =Aqr 12   11 13 20  08 30 B  3  111497 1 1  4.0    9.7  -12.5   15.7
 641 32 =Aqr 13   11 06 10  03 00 B  4  110003 1 1  4.2    8.3   -7.7   11.3
 642 32 =Aqr 14   11 07 00  03 10 B  5  110273 1 1  5.3    7.2  -40.1   40.8
 643 32 =Aqr 15   11 08 40  00 50 A  4  111123 1 1  4.8  -11.4  -15.7   19.4
 644 32 =Aqr 16   11 01 40  01 40 A  4  109139 1 1  4.3    7.4  -13.7   15.5
 645 32 =Aqr 17   11 03 10  00 15 B  6  109472 1 1  5.4   23.4  -23.5   33.2
 646 32 =Aqr 18   11 11 40  07 30 A  3  113136 1 1  3.3   17.3  -35.2   39.1
 647 32 =Aqr 19   11 11 20  05 00 A  4  112716 1 1  4.1   20.5  -32.6   38.5
 648 32 =Aqr 20   11 04 40  05 40 A  5  110778 1 1  5.6   30.5  -39.7   50.0
 649 32 =Aqr 21   11 08 20  10 00 A  5  112529 2 1  5.2   37.2  -50.1   62.1
 650 32 =Aqr 22   11 07 50  09 00 A  5  112211 1 1  4.7   28.2  -49.9   57.1
 651 32 =Aqr 23   11 15 00  02 00 B  4  111710 3 1  5.0 -144.6  135.6  198.1
 652 32 =Aqr 24   11 14 50  00 10 B  4  112961 1 1  3.7  -11.2  -28.6   30.8
 653 32 =Aqr 25   11 17 40  01 10 A  4  113996 1 1  5.4  -15.0  -25.1   29.2
 654 32 =Aqr 26   11 20 00  00 30 A  4  114724 1 1  4.2   14.6  -22.3   26.7
 655 32 =Aqr 27   11 20 30  01 40 A  4  114939 2 1  4.9  -21.0  -66.5   69.7
 656 32 =Aqr 28   11 19 00  03 30 A  4  114855 1 1  4.2   11.0  -20.4   23.1
 657 32 =Aqr 29   11 19 50  04 10 A  4  115033 1 1  4.4   -2.6   -2.5    3.6
 658 32 =Aqr 30   11 20 50  08 15 A  5  116591 1 1  5.7  110.6  -88.2  140.4
 659 32 =Aqr 31   11 22 40  11 00 A  5  116758 1 1  5.0    1.2    3.4    3.6
 660 32 =Aqr 32   11 23 10  10 50 A  5  116971 2 1  4.5    1.5  -40.7   40.7
 661 32 =Aqr 33   11 21 40  14 00 A  5  116901 1 1  4.8   -2.6  -27.3   27.4 *
 662 32 =Aqr 34   11 22 10  14 45 A  5  117089 1 1  5.2  -12.2  -21.5   24.5
 663 32 =Aqr 35   11 23 10  15 40 A  5  117629 1 1  5.2    7.5  -43.5   44.1
 664 32 =Aqr 36   11 17 00  14 10 A  4  115438 1 1  4.0  -26.0  -31.0   39.9
 665 32 =Aqr 37   11 18 20  15 45 A  4  116247 1 1  4.7    4.4  -42.0   42.2
 666 32 =Aqr 38   11 17 30  15 00 A  4  115669 1 1  4.4  -31.9  -28.5   41.9
 667 32 =Aqr 39   11 11 50  14 45 A  4  114119 2 1  4.5  -31.1 -103.1  107.3
 668 32 =Aqr 40   11 12 20  15 20 A  4  114375 1 1  4.7   15.0  -15.9   21.5
 669 32 =Aqr 41   11 13 10  14 00 A  4  114341 1 1  3.7  -10.0  -23.8   25.7
 670 32 =Aqr 42   11 07 00  20 20 A  1  113368 1 1  1.2  -17.7  -30.5   34.7
 671 32 =Aqr 43a  11 26 40  15 30 A  4b    301 2 1  4.6    5.7  -41.6   42.0
 672 32 =Aqr 44a  11 29 40  14 40 A  4b    910 1 1  4.9  -15.7  -28.2   32.0
 673 32 =Aqr 45a  11 29 00  18 15 A  4b   1170 1 1  4.4  -26.0  -27.7   37.1
 674 33 =Psc  1   11 21 40  09 15 B  4  113889 1 1  4.5    2.9   -8.0    8.4
 675 33 =Psc  2   11 24 10  07 30 B  4  114971 1 1  3.7   -0.5   -1.9    2.0
 676 33 =Psc  3   11 26 00  09 20 B  4  115227 1 1  5.1    7.8  -22.6   23.9
 677 33 =Psc  4   11 28 10  09 30 B  4  115830 1 1  4.3   14.1  -27.0   30.3
 678 33 =Psc  5   12 00 40  07 30 B  4  116771 1 1  4.1    0.2   -0.5    0.5
 679 33 =Psc  6   11 26 00  04 30 B  4  115738 1 1  4.9   -0.6    2.3    2.4
 680 33 =Psc  7   11 29 40  03 30 B  4  116928 1 1  4.5    8.1   -0.8    8.1
 681 33 =Psc  8   12 06 00  06 20 B  4  118268 1 1  4.0  -21.0    6.8   21.9
 682 33 =Psc  9   12 11 00  05 45 B  6    1645 1 1  5.4    5.7  -19.4   20.2
 683 33 =Psc 10   12 13 00  03 45 B  6    2548 1 1  5.7   15.6  -36.6   39.8
 684 33 =Psc 11   12 17 10  02 15 B  4    3786 1 1  4.4    2.8   -5.7    6.4
 685 33 =Psc 12   12 20 30  01 10 B  4    4906 1 1  4.3    9.5  -11.4   14.8
 686 33 =Psc 13   12 23 00  00 10 A  4    5737 1 1  5.2   -5.9   -4.8    7.7 
 687 33 =Psc 14   12 22 20  02 00 A  6    5346 1 1  5.5  -69.7   27.4   74.9 
 688 33 =Psc 15   12 23 00  05 00 A  6    6061 1 1  5.1  -34.6   38.7   51.8
 689 33 =Psc 16   12 26 30  02 20 A  4    7007 1 1  4.8  -26.4  -45.1   52.2
 690 33 =Psc 17   12 28 40  04 40 A  4    7884 1 1  4.4   -4.8   -9.3   10.5
 691 33 =Psc 18    1 00 40  07 45 A  4    8833 1 1  4.6   -6.6  -18.6   19.7
 692 33 =Psc 19    1 02 30  08 30 A  3    9487 2 1  3.8   -5.4  -41.5   41.9
 693 33 =Psc 20    1 00 30  01 40 A  4    8198 1 1  4.3   16.7   -5.5   17.5
 694 33 =Psc 21    1 00 10  01 50 B  5    7535 1 1  5.5   -6.9   -5.2    8.6
 695 33 =Psc 22    1 00 40  05 20 B  3    7097 1 1  3.6  -45.1   -4.5   45.1
 696 33 =Psc 23    1 00 30  09 00 B  4    6706 1 1  5.3  -16.6   15.2   22.4
 697 33 =Psc 24    1 02 00  21 45 B  5    5544 1 1  5.2   -1.1    7.5    7.6
 698 33 =Psc 25    1 01 40  21 40 B  5    5586 2 1  4.5  -11.9  -61.4   62.4
 699 33 =Psc 26   12 28 40  20 00 B  6    4510 1 1  5.4  -34.8   51.2   60.7
 700 33 =Psc 27   12 27 40  19 50 B  6    4366 1 1  6.1  -45.4  -26.9   50.5
 701 33 =Psc 28   12 27 00  20 20 B  6    3885 2 1  5.6  -73.7    6.5   69.4
 702 33 =Psc 29   12 25 40  14 20 B  4    5131 1 1  5.3   54.0  -63.5   82.4
 703 33 =Psc 30   12 26 20  13 15 B  4    5310 2 1  5.6   25.7  -48.6   54.7
 704 33 =Psc 31   12 27 40  12 00 B  4    5571 1 1  4.7   -0.6   20.3   20.3
 705 33 =Psc 32    1 02 10  17 00 B  4    6193 1 1  4.7  -13.4   20.5   24.2
 706 33 =Psc 33   12 29 50  15 20 B  4    5742 1 1  4.7  -13.2    3.6   13.2
 707 33 =Psc 34    1 00 00  11 45 B  4    6492 1 3  6.0    5.5  -61.6   61.9
 708 33 =Psc 35a  12 01 10  02 40 A  4  118209 1 1  4.9   14.1  -25.8   29.4
 709 33 =Psc 36a  12 02 15  02 30 A  4     145 1 1  5.1    1.8  -26.7   26.7
 710 33 =Psc 37a  12 00 40  05 30 A  4     154 1 1  4.4   25.7  -10.1   27.5
 711 33 =Psc 38a  12 02 20  05 30 A  4     443 1 1  4.6  -20.6  -18.6   27.7
 712 34 =Cet  1    1 17 40  07 45 A  4   13954 1 1  4.7   29.1  -13.5   31.9
 713 34 =Cet  2    1 17 40  12 20 A  3   14135 2 1  2.5  -16.9  -24.4   29.5
 714 34 =Cet  3    1 12 40  11 30 A  3   12706 1 1  3.5   -4.8  -37.2   37.5
 715 34 =Cet  4    1 10 30  14 00 A  3   12387 1 1  4.1    5.7  -37.8   38.2
 716 34 =Cet  5    1 10 10  08 10 A  4   12093 2 1  4.9   77.7  -70.9  104.5
 717 34 =Cet  6    1 12 40  06 20 A  4   11484 2 1  4.3 -129.1   19.3  129.8
 718 34 =Cet  7    1 07 40  04 10 A  4   10324 1 1  4.4  -32.2  -15.3   35.6
 719 34 =Cet  8    1 03 00  24 30 A  4   11345 1 1  4.9  -17.9  -52.6   55.0
 720 34 =Cet  9    1 03 20  28 00 A  4   11783 1 1  4.7  -11.2  -36.5   37.8
 721 34 =Cet 10    1 06 40  25 10 A  4   12390 1 1  4.8  -24.3  -49.4   54.1
 722 34 =Cet 11    1 07 00  27 30 A  3   12770 1 1  4.2  -16.5  -54.1   56.0
 723 34 =Cet 12   12 22 00  25 20 A  3    8102 1 1  3.5  -24.5  -26.2   34.2
 724 34 =Cet 13   12 23 00  30 50 A  4    9347 2 1  4.0  -43.2  -14.9   40.0
 725 34 =Cet 14   12 25 00  20 00 A  3    8645 1 1  3.7   -4.3  -24.6   24.9
 726 34 =Cet 15   12 19 40  15 40 A  3    6537 1 1  3.6  -20.0   -5.1   19.9
 727 34 =Cet 16   12 15 00  15 40 A  3    5364 2 1  3.5  -18.6  -23.0   29.1
 728 34 =Cet 17   12 11 00  13 40 A  5    3909 1 1  5.2  -32.7  -61.9   69.5
 729 34 =Cet 18   12 10 40  14 40 A  5    4371 3 3  5.3   44.0  -75.5   86.6
 730 34 =Cet 19   12 09 20  13 00 A  5b   3455 1 1  4.8  -23.4  -64.9   68.8
 731 34 =Cet 20   12 09 00  14 00 A  5b   3849 3 3  5.6   -9.7 -196.6  196.8
 732 34 =Cet 21   12 04 20  09 40 A  3f   1562 1 1  3.6  -21.6  -20.5   29.6
 733 34 =Cet 22   12 05 40  20 20 A  3    3419 1 1  2.0  -14.6  -25.3   28.8
 734 35 =Ori  1    2 27 00  13 30 A  9   26207 2 1  3.4  -12.6   -8.9   15.2
 735 35 =Ori  2    3 02 00  17 00 A  1f  27989 1 1  0.4  -10.5   41.1   42.3
 736 35 =Ori  3    2 24 00  17 30 A  2   25336 1 1  1.6    1.7   24.8   24.8
 737 35 =Ori  4    2 25 00  18 00 A  4f  25813 1 1  4.2   27.8   26.5   37.5
 738 35 =Ori  5    3 04 20  14 30 A  4   28614 1 1  4.1  -38.8   26.9   46.3
 739 35 =Ori  6    3 06 20  11 50 A  6   29800 1 1  5.0   48.4   19.9   51.4
 740 35 =Ori  7    3 06 30  10 00 A  4   29426 2 1  4.4  -28.6   31.8   42.5
 741 35 =Ori  8    3 06 00  09 45 A  4   29038 2 1  4.4  -63.6   49.3   79.8
 742 35 =Ori  9    3 07 20  08 15 A  6   29704 1 1  5.3  -30.6   43.8   53.3
 743 35 =Ori 10    3 06 40  08 15 A  6   29434 2 1  4.9  -39.6   42.0   57.5
 744 35 =Ori 11    3 01 40  03 45 A  5   27913 2 1  4.4   12.0   22.1   25.2
 745 35 =Ori 12    3 04 40  04 15 A  5   28716 2 1  4.6  -39.4   40.3   56.3
 746 35 =Ori 13    2 27 50  19 40 A  4   26594 1 1  4.5  -15.1   10.0   17.4
 747 35 =Ori 14    2 26 20  20 00 A  6   26126 1 1  5.3   -2.8   12.5   12.7
 748 35 =Ori 15    2 25 20  20 10 A  6   25861 1 1  5.5    6.2   -4.1    7.1
 749 35 =Ori 16    2 24 10  20 40 A  5   25473 1 1  4.6    5.3   17.9   18.6
 750 35 =Ori 17    2 20 30  08 00 A  4   24010 1 1  4.8   22.9   25.4   34.0
 751 35 =Ori 18    2 19 20  08 10 A  4   23607 1 1  4.7   16.4   31.3   35.3
 752 35 =Ori 19    2 18 00  10 15 A  4   22957 1 1  4.1  -31.8   56.1   64.3
 753 35 =Ori 20    2 16 20  12 50 A  4   22845 1 1  4.6   19.1   16.5   24.8
 754 35 =Ori 21    2 15 10  14 15 A  4   22509 1 1  4.3   16.3   31.0   34.8
 755 35 =Ori 22    2 14 50  15 50 A  3   22449 1 1  3.2   -7.6   12.5   14.5
 756 35 =Ori 23    2 14 50  17 10 A  3   22549 1 1  3.7   20.0    7.5   20.5
 757 35 =Ori 24    2 15 20  20 20 A  3   22797 2 1  3.7   12.9    3.5   12.6
 758 35 =Ori 25    2 16 20  21 30 A  3   23123 1 1  4.5   15.9   22.9   27.3
 759 35 =Ori 26    2 25 20  24 10 A  2   25930 1 1  2.3    6.0   20.0   20.8
 760 35 =Ori 27    2 27 20  24 50 A  2   26311 2 1  1.7  -47.8    2.8   43.4
 761 35 =Ori 28    2 28 10  25 40 A  2   26727 1 1  1.7  -24.7    5.5   22.9
 762 35 =Ori 29    2 23 50  25 50 A  3   25281 1 1  3.3  -36.5    1.4   32.9
 763 35 =Ori 30    2 26 30  28 20 A  4   26237 2 1  4.6  -23.3   -4.3   20.9
 764 35 =Ori 31    2 26 40  29 10 A  3f  26220 2 1  5.0  -37.0   12.6   34.7
 765 35 =Ori 32    2 27 00  29 50 A  3   26241 2 1  2.8  -56.0   21.2   53.1
 766 35 =Ori 33    2 27 40  30 40 A  4   26563 2 1  4.8  -40.0   -7.5   35.2
 767 35 =Ori 34    2 26 30  30 50 A  4   25923 2 1  4.6  -91.3    0.8   78.4
 768 35 =Ori 35    2 19 50  31 30 A  1   24436 1 1  0.2    2.7    6.2    6.6
 769 35 =Ori 36    2 21 00  30 15 A  4b  24674 1 1  3.6   -5.2    8.5    9.6
 770 35 =Ori 37    2 23 20  31 10 A  4   25247 1 1  4.1  -41.2   -0.4   35.2
 771 35 =Ori 38    3 00 10  33 30 A  3b  27366 1 1  2.1  -41.5    8.9   35.7
 772 36 =Eri  1    2 18 20  31 50 A  4b  23972 1 1  4.3   -4.5    1.1    4.0
 773 36 =Eri  2    2 18 30  28 15 A  4   23875 1 1  2.8   -6.7    9.3   11.0
 774 36 =Eri  3    2 18 00  29 50 A  4   23364 1 1  4.8 -104.9  -12.2   91.7
 775 36 =Eri  4    2 14 40  28 15 A  4   22701 2 1  4.4  -34.2   10.3   31.9
 776 36 =Eri  5    2 13 10  25 50 A  4   22109 1 1  4.0  -47.9   12.7   44.9
 777 36 =Eri  6    2 10 10  25 20 A  4   21444 1 1  3.9  -18.9   -2.8   17.3
 778 36 =Eri  7    2 06 20  26 00 A  5   20507 1 1  5.2    2.7   47.7   47.7
 779 36 =Eri  8    2 05 30  27 00 A  4   19849 1 1  4.4  -23.2    3.3   20.9
 780 36 =Eri  9    2 02 50  27 50 A  4   19587 1 1  4.0  -24.3    5.5   22.2
 781 36 =Eri 10    1 27 00  32 50 A  3   18543 2 1  3.0  -10.5  -31.4   32.6
 782 36 =Eri 11    1 24 20  31 00 A  4   17593 1 1  4.4  -26.1  -21.8   31.2
 783 36 =Eri 12    1 24 10  28 50 A  3   17378 1 1  3.5  -23.0  -30.0   36.1
 784 36 =Eri 13    1 22 00  28 00 A  3   16537 1 1  3.7  -13.0   -5.5   12.7
 785 36 =Eri 14    1 17 10  25 30 A  3   15197 1 1  4.8  -21.3  -38.6   43.1
 786 36 =Eri 15    1 14 30  23 50 A  4   14293 1 1  5.3  -20.1  -15.6   24.1 *
 787 36 =Eri 16    1 12 10  23 20 A  3   14168 2 3  5.3   95.5  -43.0   97.5 *
 788 36 =Eri 17    1 10 30  23 15 A  4   13701 1 3  3.9   74.2  -80.1  104.9 *
 789 36 =Eri 18    1 05 10  32 10 A  4   12843 1 1  4.5  -21.0  -40.9   44.6
 790 36 =Eri 19    1 05 50  34 50 A  4   13288 1 1  4.8  -14.9  -50.2   51.7
 791 36 =Eri 20    1 08 50  38 30 A  4   14146 1 1  4.1  -76.7  -34.0   68.8
 792 36 =Eri 21    1 13 50  38 10 A  4   15474 1 1  3.7  -51.1  -31.7   51.1
 793 36 =Eri 22    1 17 30  39 00 A  4   16611 1 1  4.3  -23.9  -36.8   41.2
 794 36 =Eri 23    1 21 20  41 20 A  4   17651 1 1  4.2  -48.6  -29.5   46.8
 795 36 =Eri 24    1 21 30  42 30 A  5   17717 1 1  5.2  -77.0  -16.0   58.8
 796 36 =Eri 25    1 22 10  43 15 A  4   18216 1 1  4.6  -24.7  -36.0   40.2
 797 36 =Eri 26    1 24 40  43 20 A  4   18673 1 1  4.6  -47.3  -22.0   40.7
 798 36 =Eri 27    2 04 10  50 20 A  4   21248 1 1  4.5  -95.8  -42.6   74.1
 799 36 =Eri 28    2 05 00  51 45 A  4   21393 2 1  3.8 -129.5  -18.6   82.0
 800 36 =Eri 29    1 28 10  53 50 A  4   20535 1 1  4.0  -54.7  -57.2   65.5
 801 36 =Eri 30    1 25 50  53 10 A  4   20042 1 1  3.5  -32.2  -60.4   63.4
 802 36 =Eri 31    1 17 50  53 00 A  4   17874 2 1  4.2 -192.7  -88.6  144.4
 803 36 =Eri 32    1 14 50  53 30 A  4   17797 2 1  4.3  -94.3 -133.3  144.0
 804 36 =Eri 33    1 11 50  52 30 A  4   17351 2 1  4.6   -1.7 -149.8  149.8
 805 36 =Eri 34    1 00 10  53 30 A  1   13847 1 1  2.9 -247.5  -22.8  148.3
 806 37 =Lep  1    2 19 40  35 00 A  5   24244 1 1  4.4  -53.0    1.5   43.5
 807 37 =Lep  2    2 19 50  36 30 A  5   24327 2 1  4.4  -52.9   25.0   49.4
 808 37 =Lep  3    2 21 20  35 40 A  5   24873 1 1  5.3  -17.2    2.8   14.2
 809 37 =Lep  4    2 21 20  36 40 A  5   24845 1 1  4.3  -30.4   12.3   27.4
 810 37 =Lep  5    2 19 10  39 15 A  4b  24305 1 1  3.3  -46.5   -3.6   36.2
 811 37 =Lep  6    2 16 10  45 15 A  4b  23685 1 1  3.2  -67.0    3.7   47.4
 812 37 =Lep  7    2 25 50  41 30 A  3   25985 1 1  2.6  -84.2    9.7   63.9
 813 37 =Lep  8    2 24 50  44 20 A  3   25606 2 1  2.8 -126.7   11.5   91.5
 814 37 =Lep  9    3 01 00  44 10 A  4b  27654 1 1  3.8  -56.1   -1.6   40.3
 815 37 =Lep 10    2 29 00  45 50 A  4b  27072 1 1  3.6  -49.8   -3.3   34.8
 816 37 =Lep 11    3 00 00  38 20 A  4b  27288 2 1  3.5  -55.7   -9.8   44.7
 817 37 =Lep 12    3 02 40  38 10 A  4b  28103 1 1  3.7  -39.0   11.9   33.0
 818 38 =CMa  1    3 17 40  39 10 A  1   32349 1 1 -1.4   -7.1    2.4    6.0
 819 38 =CMa  2    3 19 40  35 00 A  4   33160 1 1  4.1  -14.4    1.6   11.9
 820 38 =CMa  3    3 21 20  36 30 A  5   33345 1 1  5.0  -68.1  -25.8   60.4
 821 38 =CMa  4    3 23 20  37 45 A  4   34045 1 1  4.1  -33.7  -30.2   40.2
 822 38 =CMa  5    3 25 20  40 00 A  4   33347 2 1  4.4 -278.9    5.2  213.8
 823 38 =CMa  6    3 20 30  42 40 A  5   33302 2 1  4.7   31.1  -20.7   30.8
 824 38 =CMa  7    3 16 10  41 15 A  5   31700 1 1  4.4  -60.9  -18.2   49.2
 825 38 =CMa  8    3 16 00  42 30 A  5   31592 1 1  4.0  -70.2   -3.6   51.9
 826 38 =CMa  9    3 11 00  41 20 A  3   30324 1 1  2.0  -41.3  -12.0   33.2
 827 38 =CMa 10    3 14 40  46 30 A  5   31125 2 1  4.3  -51.8  -20.7   41.1
 828 38 =CMa 11    3 16 10  45 50 A  5   31416 1 1  4.5  -81.9  -30.2   64.4
 829 38 =CMa 12    3 24 40  46 10 A  4   33977 1 1  3.0  -28.0  -13.8   23.8
 830 38 =CMa 13    3 21 40  47 00 A  5   33152 1 1  3.9  -19.1   -2.7   13.3
 831 38 =CMa 14    3 26 40  48 45 A  3f  34444 1 1  1.8   -3.1    2.2    3.0
 832 38 =CMa 15    3 23 40  51 30 A  3   33579 1 1  1.5   18.6   -7.5   13.8
 833 38 =CMa 16    3 23 00  55 10 A  4   32759 1 1  3.5  -72.3  -15.0   43.8
 834 38 =CMa 17    3 09 40  53 45 A  3   30122 1 1  3.0   50.5    5.7   30.4
 835 38 =CMa 18    4 02 10  50 40 A  3f  35904 1 1  2.5   38.1  -11.4   26.7
 836 38 =CMa 19a   3 19 30  25 15 A  4   34769 2 1  4.2  189.9  135.5  220.0
 837 38 =CMa 20a   3 10 00  61 30 A  4   29034 2 1  5.0 -229.5   32.7  115.2
 838 38 =CMa 21a   3 11 20  58 45 A  4   29807 2 1  4.4 -102.3   -4.1   53.2
 839 38 =CMa 22a   3 13 00  57 00 A  4   30277 1 1  3.8  -84.1    2.3   45.9
 840 38 =CMa 23a   3 14 10  56 00 A  4   30788 2 1  4.5  -24.2   -3.1   13.9
 841 38 =CMa 24a   2 28 00  55 30 A  4   27204 1 1  5.2  -12.2  -27.0   27.8
 842 38 =CMa 25a   3 00 20  57 40 A  4   27810 1 1  4.9    5.8    8.4    9.0
 843 38 =CMa 26a   3 02 20  59 50 A  4   28199 1 1  4.4  -13.0   49.4   49.9
 844 38 =CMa 27a   2 29 00  59 40 A  2   27628 1 1  3.1   23.9   -1.9   12.2
 845 38 =CMa 28a   2 26 00  57 40 A  2   26634 1 1  2.7  -48.0    1.6   25.7
 846 38 =CMa 29a   2 22 10  59 30 A  4   25859 1 1  3.9  -30.0   37.0   40.1
 847 39 =CMi  1    3 25 00  14 00 A  4   36188 1 1  2.9   20.0   16.7   25.6
 848 39 =CMi  2    3 29 10  16 10 A  1   37279 1 1  0.4    3.9   34.2   34.4
 849 40 =Arg  1    4 10 20  42 30 A  5   38835 1 1  4.2   34.8  -18.2   31.4
 850 40 =Arg  2    4 14 20  43 20 A  3   39757 1 1  2.8   23.8   -9.6   19.8
 851 40 =Arg  3    4 08 50  45 00 A  4   38170 1 1  3.3   28.1  -10.0   22.2
 852 40 =Arg  4    4 08 40  46 00 A  4   38070 1 1  4.4   40.2  -16.8   32.5
 853 40 =Arg  5    4 05 20  45 30 A  4   37173 2 1  4.7   41.8  -46.8   55.1
 854 40 =Arg  6    4 06 20  47 15 A  3   37229 1 1  3.8   24.2  -24.6   29.6
 855 40 =Arg  7    4 05 20  49 30 A  4   36917 1 1  4.7   54.7    9.9   36.9
 856 40 =Arg  8    4 09 20  49 30 A  4   37677 1 1  3.9   -9.7    3.5    7.2
 857 40 =Arg  9    4 08 30  49 15 A  4   37648 1 1  4.6   22.5   18.2   23.4
 858 40 =Arg 10    4 14 00  49 50 A  4   38901 1 1  4.8   14.8   -3.6   10.2
 859 40 =Arg 11    4 04 00  53 00 A  4   36514 2 0  4.7  100.7   52.8   80.9
 860 40 =Arg 12    4 04 00  58 40 A  3   35264 1 1  2.7  -21.7   -6.2   12.9
 861 40 =Arg 13    4 10 10  55 30 A  5   37096 1 1  4.5  -20.9   -6.1   13.3
 862 40 =Arg 14    4 12 10  58 40 A  5   37297 1 1  4.8   17.9    1.2    9.4
 863 40 =Arg 15    4 13 40  57 15 A  4   37819 2 1  3.6   37.0  -41.7   46.2
 864 40 =Arg 16    4 16 30  57 50 A  4   38455 1 1  4.5   56.4  -26.7   40.0
 865 40 =Arg 17    4 21 10  58 40 A  2   39429 1 1  2.2   51.5    7.8   28.0
 866 40 =Arg 18    4 18 10  60 00 A  5   38414 1 1  3.7   21.7    6.0   12.4
 867 40 =Arg 19    4 21 00  59 20 A  5   40096 3 3  4.7  366.3  -77.6  198.9
 868 40 =Arg 20    4 23 10  56 40 A  5   40091 1 1  4.4   67.3  -54.9   66.0
 869 40 =Arg 21    4 24 20  57 40 A  5   40326 2 1  4.4   78.9  -20.6   46.8
 870 40 =Arg 22    5 05 40  51 30 A  4b  44191 3 3  4.4  294.0 -200.8  267.1
 871 40 =Arg 23    5 06 10  55 40 A  4b  42884 2 1  4.1   62.8 -109.2  114.6
 872 40 =Arg 24    5 04 00  57 10 A  4b  42312 2 1  4.1   88.5  -73.3   87.2
 873 40 =Arg 25    5 09 10  60 00 A  4b  43023 2 1  3.9  113.3  -14.5   58.3
 874 40 =Arg 26    5 09 00  61 15 A  4b  42570 1 1  3.8   66.6   -0.5   32.1
 875 40 =Arg 27    5 00 10  51 50 A  3   42515 1 1  4.0    0.1   32.0   32.0
 876 40 =Arg 28    4 29 20  49 00 A  3   42828 1 1  3.7   32.6   -4.8   21.9
 877 40 =Arg 29    4 28 00  43 20 A  4   43409 1 1  4.0   54.2   -8.2   40.2
 878 40 =Arg 30    4 29 00  43 30 A  4   43825 2 1  4.9   64.4   31.8   56.7
 879 40 =Arg 31    5 14 10  54 30 A  2   44816 2 1  2.2   32.1  -87.7   89.5
 880 40 =Arg 32    5 17 30  51 15 A  2f  46651 1 1  3.6   48.6    1.9   30.5
 881 40 =Arg 33    4 11 10  63 00 A  4   36377 1 1  3.3   68.3  -65.2   71.9
 882 40 =Arg 34    4 19 00  64 30 A  6   38164 2 1  4.1  217.9  -54.9  107.3
 883 40 =Arg 35    5 00 00  63 50 A  2   39953 2 1  1.8   57.2  -47.1   53.3
 884 40 =Arg 36    5 08 30  69 40 A  2   38827 2 1  3.5 -235.8  -47.7   93.5
 885 40 =Arg 37    5 15 10  65 40 A  3   42536 2 1  3.6  200.4  -41.3   91.3
 886 40 =Arg 38    5 21 20  65 50 A  3   42726 1 3  4.8 -115.3  -27.3   54.2
 887 40 =Arg 39    5 26 00  67 20 A  2   42913 2 3  1.9 -206.6    7.0   80.1
 888 40 =Arg 40    6 01 00  62 50 A  3   45941 2 1  2.5   94.4  -53.6   68.3
 889 40 =Arg 41    6 08 00  62 15 A  3   46701 2 1  3.2   -4.7 -117.3  117.3
 890 40 =Arg 42    3 04 00  65 50 A  4b  28328 1 1  4.0  -79.9  -41.8   52.8
 891 40 =Arg 43    3 20 10  65 40 A  3b  31685 1 1  3.2   15.6  -40.5   41.0
 892 40 =Arg 44    3 17 10  75 00 A  1   30438 1 1 -0.6   68.3  -66.7   68.9
 893 40 =Arg 45    3 29 00  71 45 A  3b  32768 2 1  2.9  128.5  -79.3   88.3
 894 41 =Hya  1    4 14 00  15 00 A  4   42402 1 1  4.4   21.4   11.9   23.8
 895 41 =Hya  2    4 13 20  13 10 A  4   42313 1 1  4.1    8.5   34.4   35.4
 896 41 =Hya  3    4 15 20  11 30 A  4   43109 1 1  3.4   15.9   14.8   21.6
 897 41 =Hya  4    4 15 30  14 15 A  4   42799 1 1  4.3   -2.8  -12.3   12.6
 898 41 =Hya  5    4 17 30  12 15 A  4   43813 1 1  3.1   15.8   65.3   67.1
 899 41 =Hya  6    4 20 20  11 50 A  5   44659 1 1  5.0   12.0   37.3   39.1
 900 41 =Hya  7    4 23 20  13 40 A  4   45336 1 1  3.9   -1.6   35.1   35.2
 901 41 =Hya  8    4 28 50  15 20 A  4   46776 1 1  4.5    3.8   12.5   13.0
 902 41 =Hya  9    5 00 40  14 50 A  4   47431 1 1  3.9    5.1   25.8   26.3
 903 41 =Hya 10    4 28 30  17 10 A  4   46509 1 1  4.6   11.1   17.3   20.3
 904 41 =Hya 11    4 29 10  19 45 A  6   46404 1 1  5.4   31.7  -15.2   33.4
 905 41 =Hya 12    5 00 00  20 30 A  2   46390 2 1  2.0   29.0 -123.0  125.9
 906 41 =Hya 13    5 06 00  26 30 A  4   47452 1 1  5.1   -5.8  -12.8   13.8
 907 41 =Hya 14    5 08 40  26 00 A  4   48356 1 1  4.1   13.4  -11.1   16.4
 908 41 =Hya 15    5 11 10  23 15 A  4   49402 1 1  4.6   23.2   -2.1   21.5
 909 41 =Hya 16    5 18 00  24 40 A  3   51069 1 1  3.8   18.4   -0.2   16.7
 910 41 =Hya 17    5 20 00  23 15 A  4   52085 1 1  4.9   79.4  -17.9   75.1
 911 41 =Hya 18    5 23 00  22 10 A  3   52943 1 1  3.1   33.9   11.5   33.5
 912 41 =Hya 19    6 01 30  25 45 A  4b  54682 1 1  4.5   14.9    9.4   16.4
 913 41 =Hya 20    6 02 20  30 10 A  4   54204 1 1  4.9   21.3   -3.7   18.8
 914 41 =Hya 21    6 12 10  31 20 A  4   56343 1 1  3.5  -48.2   -8.8   42.0
 915 41 =Hya 22    6 14 30  33 10 A  4   56922 1 1  4.7   -1.7  -12.3   12.4
 916 41 =Hya 23    6 16 10  31 20 A  3   57936 1 1  4.3   34.4   -3.3   29.6
 917 41 =Hya 24    7 00 00  13 40 A  4b  64962 1 1  3.0    7.3    3.5    7.9
 918 41 =Hya 25    7 13 30  17 40 A  4b  68895 2 1  3.3 -107.4  291.7  309.6
 919 41 =Hya 26a   4 12 30  23 15 A  3   41307 2 1  3.9   33.2   36.5   47.6
 920 41 =Hya 27a   5 11 00  16 20 A  3   49841 3 3  3.6   99.4 -340.8  353.5
 921 42 =Crt  1    5 26 20  23 00 A  4   53740 1 1  4.1   52.0   17.9   51.2
 922 42 =Crt  2    6 02 30  19 30 A  4   55705 1 1  4.1   -1.2   -8.9    8.9
 923 42 =Crt  3    6 00 00  18 00 A  4   55282 1 1  3.6   -0.7   19.8   19.9
 924 42 =Crt  4    6 07 00  18 30 A  4b  57283 1 1  4.7   13.8   13.8   19.0
 925 42 =Crt  5    5 29 20  13 40 A  4   55687 1 1  4.8    5.4   10.3   11.5
 926 42 =Crt  6    6 09 10  16 10 A  4f  58188 1 1  5.2    7.6    7.3   10.3
 927 42 =Crt  7    6 01 40  11 30 A  4   56633 1 1  4.7    6.2   12.1   13.6
 928 43 =Crv  1    6 15 20  21 40 A  3   59199 1 1  4.0    2.5   -1.6    2.9
 929 43 =Crv  2    6 14 20  19 40 A  3   59316 1 1  3.0   33.8    3.8   32.1
 930 43 =Crv  3    6 16 40  18 10 A  5   60189 2 1  5.2   22.1   -1.1   21.1
 931 43 =Crv  4    6 13 30  14 50 A  3   59803 1 1  2.6   28.9   24.7   37.3
 932 43 =Crv  5    6 16 40  12 30 A  3   60965 1 1  2.9    0.9   29.7   29.7
 933 43 =Crv  6    6 17 00  11 45 A  4   61174 1 1  4.3   10.8   15.6   18.9
 934 43 =Crv  7    6 20 30  18 10 A  3   61359 1 1  2.7    1.8   14.2   14.3
 935 44 =Cen  1    7 10 30  21 40 A  5b  67457 1 1  4.2   42.9   16.5   43.1
 936 44 =Cen  2    7 10 00  18 50 A  5b  67786 1 1  4.8   58.0    2.5   55.0
 937 44 =Cen  3    7 09 10  20 30 A  4b  67153 1 1  4.2   55.2   14.9   53.9
 938 44 =Cen  4    7 10 00  20 00 A  5b  67669 2 1  4.3   66.9    7.5   63.3
 939 44 =Cen  5    7 06 10  25 40 A  3   65109 1 1  2.8   20.7   -3.8   19.1
 940 44 =Cen  6    7 15 40  22 30 A  3   68933 1 1  2.1    0.1   60.5   60.5
 941 44 =Cen  7    7 09 10  27 30 A  4   65936 1 1  3.9   31.5    3.7   28.2
 942 44 =Cen  8    7 18 10  22 20 A  4   70090 1 1  4.1   43.5    3.2   40.4
 943 44 =Cen  9    7 19 10  23 45 A  4   70300 1 1  4.4   49.2    7.2   45.6
 944 44 =Cen 10    7 22 00  18 15 A  4   72010 1 1  4.1   32.2   10.8   32.4
 945 44 =Cen 11    7 22 30  20 50 A  4   71865 1 1  4.0   36.2    5.1   34.2
 946 44 =Cen 12    7 13 20  28 20 A  4b  67464 2 1  3.4   62.1   16.1   57.0
 947 44 =Cen 13    7 14 00  29 20 A  4b  67472 2 1  3.5   45.1   33.4   51.7
 948 44 =Cen 14    7 15 10  28 00 A  4b  68245 1 1  3.8   64.8   12.5   58.6
 949 44 =Cen 15    7 16 20  26 30 A  4b  68862 1 1  4.4   60.8    7.4   54.9
 950 44 =Cen 16    7 22 50  25 15 A  3   71352 1 1  2.3   36.3   -1.2   32.8
 951 44 =Cen 17    7 27 30  24 15 A  4   73334 1 1  3.1   27.8   27.9   37.7
 952 44 =Cen 18    7 18 00  33 30 A  3b  68002 2 1  2.5   11.5   47.7   48.6
 953 44 =Cen 19    7 17 40  31 00 A  5   68523 1 1  4.3   49.3   14.4   44.7
 954 44 =Cen 20    7 16 50  30 20 A  5   68282 1 1  3.9   43.8    5.8   38.2
 955 44 =Cen 21    7 12 10  34 50 A  5       0 1 1  3.7   64.8   12.5   58.6 *
 956 44 =Cen 22    7 09 00  37 40 A  5   63945 1 1  4.7   50.0    9.0   40.6
 957 44 =Cen 23    7 05 50  40 00 A  3   61932 1 1  2.2   -6.2    2.8    5.5
 958 44 =Cen 24    7 05 00  40 20 A  4   61622 1 1  3.8  -15.4   24.9   27.6
 959 44 =Cen 25    7 02 40  41 00 A  5   60823 1 1  3.9   83.1  -73.6   96.3
 960 44 =Cen 26    7 02 40  46 10 A  3   59196 2 1  2.6 -109.2  108.4  132.9
 961 44 =Cen 27    7 03 30  46 45 A  4   59449 1 1  4.0  -44.9   79.8   85.6
 962 44 =Cen 28    7 18 20  40 45 A  4   67234 2 1  4.6   25.7  219.5  220.4
 963 44 =Cen 29    7 16 20  43 00 A  2   66657 2 1  2.3  148.7  217.6  244.7
 964 44 =Cen 30    7 17 40  43 45 A  3   66821 2 1  5.0  128.9  213.5  233.9
 965 44 =Cen 31    7 10 00  51 10 A  2   61084 2 1  1.6   -4.7  217.3  217.3
 966 44 =Cen 32    7 15 20  51 40 A  2   62434 2 1  1.3  -19.9  194.3  194.7
 967 44 =Cen 33    7 06 20  55 10 A  4   59747 2 1  2.8  163.0  295.8  311.8
 968 44 =Cen 34    7 11 10  55 20 A  2   60718 2 1  0.8  245.1  159.8  215.1
 969 44 =Cen 35    8 08 20  41 10 A  1   71681 2 1  1.4 -163.5  -51.2  132.6
 970 44 =Cen 36    7 24 10  45 20 A  2   68702 2 1  0.6  173.4   86.8  150.9
 971 44 =Cen 37    7 14 40  49 10 A  4   63003 2 1  4.0  -43.8  198.1  200.3
 972 45 =Lup  1    7 28 00  24 50 A  3   73273 1 1  2.7   12.2    2.8   11.4
 973 45 =Lup  2    7 25 50  29 10 A  3   71860 2 1  2.3   51.8  -36.9   58.3
 974 45 =Lup  3    8 01 00  21 15 A  4   75141 2 1  3.2   48.7    4.9   45.6
 975 45 =Lup  4    8 04 10  21 00 A  4   76297 1 1  2.8   28.7    1.3   26.8
 976 45 =Lup  5    8 03 00  25 10 A  4   75264 1 1  3.4   17.2   10.9   19.0
 977 45 =Lup  6    8 00 10  27 00 A  5   74117 1 1  4.1   42.8   44.2   58.4
 978 45 =Lup  7    8 00 30  29 00 A  5   73807 1 1  3.9   18.8   51.0   53.6
 979 45 =Lup  8    8 04 40  28 30 A  5   74911 2 1  4.3  -66.9   16.0   61.0
 980 45 =Lup  9    8 03 40  30 10 A  5   74376 2 1  3.9  -58.3   48.0   69.8
 981 45 =Lup 10    8 05 40  33 10 A  5   74395 1 1  3.4 -100.3   38.6   92.7
 982 45 =Lup 11    7 22 00  31 20 A  5   69996 1 3  3.5   -0.4   81.5   81.5
 983 45 =Lup 12    7 21 50  30 30 A  4   70104 3 3  4.8   -1.6   86.7   86.7
 984 45 =Lup 13    7 23 00  29 20 A  4b  70576 1 1  4.3   -3.5   25.7   25.8
 985 45 =Lup 14    8 08 50  17 00 A  4   78384 1 1  3.4    4.2  -10.2   10.9
 986 45 =Lup 15    8 09 20  15 20 A  4b  78918 1 1  4.2   32.2   -0.7   31.1
 987 45 =Lup 16    8 05 40  13 20 A  4   77634 1 3  4.0   17.6   25.2   30.5
 988 45 =Lup 17    8 06 40  11 50 A  4   78106 1 3  5.6   35.2  -67.9   76.1
 989 45 =Lup 18    7 27 10  11 50 A  4b  74604 2 1  4.9   39.6  -56.6   68.5
 990 45 =Lup 19    7 26 30  10 00 A  4b  74857 1 1  4.3   97.5  -76.0  122.3
 991 46 =Ara  1    8 27 40  22 40 A  5   86092 2 1  4.6   53.7  -11.5   50.9
 992 46 =Ara  2    9 03 00  25 45 A  4   88714 1 1  3.7   76.9  -37.3   78.5
 993 46 =Ara  3    8 26 20  26 30 A  4b  85792 2 1  2.8  103.3   15.7   93.8
 994 46 =Ara  4    8 20 40  30 20 A  5   83153 2 1  4.1  121.9   19.9  107.3
 995 46 =Ara  5    8 25 10  34 10 A  4b  85267 2 1  3.3  134.0   80.8  137.9
 996 46 =Ara  6    8 25 00  33 20 A  4   85258 2 1  2.8  139.1   81.8  142.8
 997 46 =Ara  7    8 20 50  34 15 A  4   83081 2 1  3.1  127.3   87.5  137.5
 998 47 =CrA  1    9 09 10  21 30 A  4   90422 2 1  3.5  -60.1  -50.1   75.0
 999 47 =CrA  2    9 11 40  21 00 A  5   92308 1 1  5.5   47.9   39.2   59.6
1000 47 =CrA  3    9 13 10  23 00 A  5   92630 1 3  5.5  -19.3  -19.3   26.2 *
1001 47 =CrA  4    9 14 50  20 00 A  4   93542 2 1  4.7   33.0   58.6   66.3
1002 47 =CrA  5    9 16 10  18 30 A  5   94005 2 1  4.6   27.1   56.1   61.7
1003 47 =CrA  6    9 17 00  17 10 A  4   94160 2 1  4.1    7.8   42.6   43.3
1004 47 =CrA  7    9 16 50  16 00 A  4   94114 2 1  4.1   19.7   61.4   64.2
1005 47 =CrA  8    9 16 30  15 10 A  4   93825 2 1  4.2    9.1   72.4   72.9
1006 47 =CrA  9    9 15 10  15 20 A  6   93174 2 1  4.8    2.0   83.2   83.2
1007 47 =CrA 10    9 14 40  14 50 A  6   92989 1 1  5.4   -0.1   39.1   39.1
1008 47 =CrA 11    9 11 50  14 40 A  5   91875 1 1  5.1    7.6  -14.6   16.4
1009 47 =CrA 12    9 09 40  15 50 A  5   90887 1 1  5.2   -7.4  -18.6   19.9
1010 47 =CrA 13    9 09 10  18 30 A  5   90982 1 1  4.6   26.2  -16.2   29.6
1011 48 =PsA  1   11 07 00  20 20 A  1  113368 6 1  1.2  -17.7  -30.5   34.7
1012 48 =PsA  2   11 00 40  20 20 A  4  111188 1 1  4.3  -31.1  -51.3   59.0
1013 48 =PsA  3   11 04 10  22 15 A  4  112948 1 1  4.5   10.1  -75.4   76.0
1014 48 =PsA  4   11 05 20  22 30 A  4  113246 1 1  4.2  -10.3  -61.3   62.1
1015 48 =PsA  5   11 04 20  16 15 A  4b 111954 1 1  4.2   -0.2  -52.9   52.9
1016 48 =PsA  6   10 25 10  19 30 A  5  109285 2 1  4.5   -4.9  -22.6   23.1
1017 48 =PsA  7   11 01 10  15 10 A  5  111045 1 3  5.9   45.4  -62.5   76.3 *
1018 48 =PsA  8   10 28 50  14 40 A  4  109789 1 1  5.4  -25.1  -52.9   58.2
1019 48 =PsA  9   10 25 10  15 00 A  4  108661 1 1  5.4    7.6   -5.7    9.3
1020 48 =PsA 10   10 21 50  16 30 A  4  107608 1 1  5.0  -10.7    7.5   12.8
1021 48 =PsA 11   10 21 00  18 10 A  4  107380 1 1  4.3  -43.6    4.5   41.7
1022 48 =PsA 12   10 20 10  22 15 A  4  108085 1 1  3.0   12.0  -34.9   36.6
1023 48 =PsA 13a  10 08 00  22 20 A  3f 103127 1 3  5.3  -25.5   71.6   75.4
1024 48 =PsA 14a  10 11 10  22 10 A  3f 104738 1 3  5.3   16.3   16.2   22.2
1025 48 =PsA 15a  10 14 00  21 10 A  3f 105854 1 3  5.6   38.5   -8.8   36.9
1026 48 =PsA 16a  10 12 00  20 50 A  5  103882 1 3  5.3 -129.7   15.9  122.3
1027 48 =PsA 17a  10 13 50  17 00 A  4  105140 1 3  4.7   66.6   94.8  114.4
1028 48 =PsA 18a  10 13 50  14 50 A  4  103738 2 1  4.7 -141.4   23.3  138.8
