   1     1   1 =UMi  1    2 20 19   66 27 B  3   11767 1 1 1  2.0   23.4  -24.9   26.7 
   2     2   1 =UMi  2    2 22 25   70 00 B  4   85822 1 1 1  4.3   55.8   -7.2   20.4
   3     3   1 =UMi  3    3 00 55   73 45 B  4   82080 1 1 1  4.2   19.6    6.0    8.1
   4     4   1 =UMi  4    3 17 43   75 36 B  4   77055 1 1 1  4.3  102.1  -32.6   41.6
   5     5   1 =UMi  5    3 22 55   78 00 B  5b  79822 1 1 1  4.9  -31.4  -11.8   13.5
   6     6   1 =UMi  6    4 05 25   73 00 B  2   72607 1 1 1  2.1   -6.9   -3.5    4.0
   7     7   1 =UMi  7    4 13 55   75 09 B  3   75097 1 1 1  3.0  -23.1    3.1    6.7
   8     8   1 =UMi  8a   4 00 55   71 45 B  4   70692 1 1 1  4.3  -30.4  -21.6   23.7
   9     9   2 =UMa  1    3 14 55   40 15 B  4   41704 1 1 1  3.3   13.4   -3.0   10.6
  10    10   2 =UMa  2    3 15 43   43 48 B  5   42080 3 1 1  5.5 -117.7   43.4   94.9 *
  11    11   2 =UMa  3    3 16 34   43 45 B  5   42527 1 1 1  4.6  -97.1   12.7   71.2 *
  12    12   2 =UMa  4    3 16 25   47 54 B  5   44390 1 1 1  4.7  -19.6   -0.9   13.1
  13    13   2 =UMa  5    3 17 43   47 51 B  5   45038 1 1 1  4.8  -18.7   -4.4   13.3
  14    14   2 =UMa  6    3 18 25   51 18 B  5   46977 1 1 1  4.5    2.4   -7.2    7.4
  15    15   2 =UMa  7    3 19 43   44 42 B  4f  45075 1 1 1  4.7   -1.6  -11.1   11.1
  16    16   2 =UMa  8    3 22 49   44 54 B  4   46733 1 1 1  3.7    5.9   11.8   12.5
  17    17   2 =UMa  9    3 28 31   42 39 B  4   48319 1 1 1  3.8   -6.0   -0.7    4.4
  18    18   2 =UMa 10    4 01 19   38 00 B  4f  48402 1 1 1  4.6    8.8   12.3   14.1
  19    19   2 =UMa 11    3 29 22   34 45 B  3   46853 1 1 1  3.2    8.5   13.5   15.2
  20    20   2 =UMa 12    3 24 55   29 21 B  3f  44127 1 1 1  3.1    4.4   13.2   13.8
  21    21   2 =UMa 13    3 25 43   29 00 B  3f  44471 1 1 1  3.6   21.0   -4.1   18.9
  22    22   2 =UMa 14    3 25 16   36 00 B  5b  45493 1 1 1  4.8    9.6    2.2    8.1
  23    23   2 =UMa 15    3 25 25   33 21 B  5b  44901 1 1 1  4.5   -9.2    3.4    8.5
  24    24   2 =UMa 16    4 07 25   49 24 B  2   54061 1 1 1  1.8   -6.7   14.9   15.6
  25    25   2 =UMa 17    4 11 37   45 09 B  3b  53910 1 1 1  2.3   -6.0   -4.4    6.1
  26    26   2 =UMa 18    4 23 25   51 30 B  3f  59774 1 1 1  3.3  -18.1    6.8   13.2
  27    27   2 =UMa 19    4 22 31   47 15 B  3b  58001 1 1 1  2.4    1.4   -9.1    9.2
  28    28   2 =UMa 20    4 11 40   29 45 B  3f  50372 1 1 1  3.5    1.6    6.5    6.6
  29    29   2 =UMa 21    4 13 07   28 42 B  3f  50801 2 1 1  3.1   15.2   15.4   20.3
  30    30   2 =UMa 22    4 20 46   35 15 B  3f  54539 1 1 1  3.0    9.6   15.7   17.6
  31    31   2 =UMa 23    5 00 07   26 00 B  3f  55219 1 1 1  3.5  -80.3    8.1   72.6
  32    32   2 =UMa 24    5 00 25   24 45 B  3f  55203 1 1 1  3.8  -57.2   -2.8   52.1
  33    33   2 =UMa 25    5 00 31   54 09 B  2   62956 1 1 1  1.8   26.8    8.2   17.7
  34    34   2 =UMa 26    5 08 04   56 12 B  2   65378 1 1 1  2.2  -21.2    9.3   15.0
  35    35   2 =UMa 27    5 19 10   54 09 B  2   67301 1 1 1  1.9   -9.6   15.1   16.2
  36    36   2 =UMa 28a   5 16 55   40 15 B  3   63125 1 1 1  2.9  -12.8   -7.2   12.1 *
  37    37   2 =UMa 29a   5 10 04   40 39 B  5   61317 1 1 1  4.2   -6.9   -5.9    7.9
  38    38   2 =UMa 30a   4 04 01   17 33 B  4   45860 1 1 1  3.1   -0.2   22.3   22.3
  39    39   2 =UMa 31a   4 02 37   19 42 B  4   45688 1 1 1  3.8    5.2   22.1   22.6
  40    40   2 =UMa 32a   4 05 40   20 18 B  6   46952 1 1 1  4.5   17.0   23.9   28.7
  41    41   2 =UMa 33a   4 05 10   23 45 B  4   47029 1 1 3  4.8  -15.0    1.5   13.8
  42    42   2 =UMa 34a   3 29 31   20 15 B  6   44700 1 1 1  4.6    9.9   35.5   36.7
  43    43   2 =UMa 35a   3 19 31   23 00 B  6   41075 1 1 1  4.3   10.7    3.5   10.5
  44    44   3 =Dra  1    7 17 31   76 15 B  5   83608 1 1 1  4.9  -42.0    2.4   10.3
  45    45   3 =Dra  2    8 02 40   78 21 B  4   85819 1 1 1  4.9  -23.1   -8.7    9.9
  46    46   3 =Dra  3    8 03 01   75 30 B  3f  85670 1 1 1  2.8   62.6   -9.1   18.2
  47    47   3 =Dra  4    8 18 55   80 00 B  4b  87585 1 1 1  3.7 -126.1   20.6   29.8
  48    48   3 =Dra  5    8 21 55   75 00 B  2f  87833 1 1 1  2.2 -106.9   -0.0   27.7
  49    49   3 =Dra  6    9 15 10   82 09 B  5   90156 1 1 1  5.0  -36.5  -19.0   19.7
  50    50   3 =Dra  7    9 24 10   78 15 B  5   91755 1 1 1  5.0 -117.5  -19.3   31.0
  51    51   3 =Dra  8    9 20 40   80 33 B  5   90905 1 1 1  4.8 -158.0  -43.7   51.3
  52    52   3 =Dra  9   10 10 40   81 24 B  5   92512 1 1 1  4.6 -201.3  -32.8   45.1
  53    53   3 =Dra 10   11 27 01   81 45 B  3f  95081 1 1 1  4.6  -61.6    4.5    9.9
  54    54   3 =Dra 11    0 10 13   83 00 B  4   94376 1 1 1  3.1  -28.0   -7.5    8.3
  55    55   3 =Dra 12    0 25 10   79 09 B  4b  97433 1 1 1  3.8   -1.5   18.6   18.6
  56    56   3 =Dra 13    0 13 31   77 36 B  5b  98702 1 1 1  4.5  -43.5   32.0   33.3
  57    57   3 =Dra 14    0 25 13   80 30 B  5b  96100 1 1 1  4.7  -35.8   25.1   25.8
  58    58   3 =Dra 15    1 12 55   82 00 B  5b  92782 1 1 1  4.8   -6.4   70.3   70.3
  59    59   3 =Dra 16    1 16 34   80 15 B  5b  94648 1 1 1  4.4   40.7   22.6   23.6
  60    60   3 =Dra 17    3 04 13   84 12 B  4   86614 1 1 1  4.6   86.0   -7.1   11.3 *
  61    61   3 =Dra 18    2 05 55   83 24 B  4   89937 1 1 1  3.5  187.6    4.2   21.8
  62    62   3 =Dra 19    2 02 31   84 42 B  4   89908 1 1 1  4.2   54.2    6.6    8.3
  63    63   3 =Dra 20    4 11 40   87 15 B  6   85805 1 1 1  5.1  371.1  -23.9   30.5
  64    64   3 =Dra 21    4 00 25   86 45 B  6   86201 1 1 1  4.8  222.8    7.9   14.7
  65    65   3 =Dra 22    5 28 01   81 57 B  5   81660 1 1 1  4.8 -117.9  -18.6   25.1
  66    66   3 =Dra 23    5 27 31   84 00 B  5   82860 1 1 1  4.9  -67.0  -42.3   42.9
  67    67   3 =Dra 24    5 24 34   85 15 B  3   83895 1 1 1  3.2   12.4  -28.6   28.7
  68    68   3 =Dra 25    6 06 55   78 57 B  3   80331 2 1 1  2.7  -34.6  -29.3   30.1
  69    69   3 =Dra 26    6 08 37   74 30 B  4   78527 1 1 1  4.0   13.4   -2.2    4.2
  70    70   3 =Dra 27    5 27 49   71 27 B  3f  75458 1 1 1  3.3  -55.1  -20.8   27.3
  71    71   3 =Dra 28    4 27 25   65 21 B  5b  67627 1 1 1  4.6  -29.4   -0.5   12.3
  72    72   3 =Dra 29    5 00 34   66 27 B  3f  68756 1 1 1  3.7  -66.0   -6.3   27.2
  73    73   3 =Dra 30    4 08 37   61 24 B  3f  61281 2 1 1  3.8  -17.9   19.3   21.1
  74    74   3 =Dra 31    4 02 25   57 09 B  3f  56211 1 1 1  3.8   -0.4    2.7    2.7
  75    75   4 =Cep  1    1 24 55   75 45 B  5b  99255 1 1 1  4.4   24.9  -19.8   20.7
  76    76   4 =Cep  2    1 22 31   64 30 B  4  116727 1 1 1  3.2  -14.3    5.3    8.2
  77    77   4 =Cep  3    0 27 37   71 15 B  4b 106032 1 1 1  3.2   14.6   -8.5    9.8
  78    78   4 =Cep  4    0 04 34   68 36 B  3  105199 1 1 1  2.5   29.7   18.5   21.4
  79    79   4 =Cep  5   11 26 25   71 33 B  4  102422 1 1 1  3.4   16.1    9.7   10.9
  80    80   4 =Cep  6   11 27 10   73 51 B  4  101093 1 1 1  4.2    5.2    4.7    5.0
  81    81   4 =Cep  7    0 16 10   65 45 B  5  108917 1 1 1  4.3   16.7   -0.9    6.9
  82    82   4 =Cep  8    0 25 04   62 30 B  4b 112724 1 1 1  3.5   29.2    4.4   14.2
  83    83   4 =Cep  9    0 05 55   60 00 B  5  109857 2 1 1  4.2  -42.5   -1.9   21.4
  84    84   4 =Cep 10    0 07 01   61 15 B  4  109492 1 1 1  3.4  -46.7   -7.5   23.7
  85    85   4 =Cep 11    0 08 55   61 42 B  6  109556 1 1 1  5.1  -39.6   10.4   21.4
  86    86   4 =Cep 12a   0 02 10   64 00 B  5b 107259 1 1 1  4.2   -9.6   10.7   11.5
  87    87   4 =Cep 13a   0 09 25   59 30 B  4b 110991 1 1 1  4.1   27.4    1.0   14.0
  88    88   5 =Boo  1    5 21 55   58 45 B  5b  69483 1 1 1  4.5    3.2    8.9    9.0
  89    89   5 =Boo  2    5 23 43   58 51 B  5b  69713 1 1 1  4.8  -32.1    0.0   16.6
  90    90   5 =Boo  3    5 25 04   60 33 B  5b  70497 1 1 1  4.0  -27.3  -21.7   25.6
  91    91   5 =Boo  4    5 28 55   54 45 B  5   69732 1 1 1  4.2    9.8   -5.5    7.9
  92    92   5 =Boo  5    6 09 55   49 24 B  3   71075 1 1 1  3.0   -8.4   10.0   11.4
  93    93   5 =Boo  6    6 16 25   54 27 B  4b  73555 1 1 1  3.5   -5.9  -15.4   15.8
  94    94   5 =Boo  7    6 25 16   49 00 B  4b  74666 1 1 1  3.5   -3.2    1.2    2.4
  95    95   5 =Boo  8    6 25 46   53 27 B  4f  75411 1 1 1  4.3  -28.3    0.8   16.9
  96    96   5 =Boo  9    6 25 04   57 15 B  4f  76041 1 3 1  5.0  -15.0    0.4    8.1 *
  97    97   5 =Boo 10    6 27 37   46 27 B  5b  75312 2 1 1  5.0   94.5   24.7   69.4
  98    98   5 =Boo 11    6 28 31   45 48 B  5   75049 1 1 3  5.5   12.1   11.3   14.1 *
  99    99   5 =Boo 12    6 27 55   41 45 B  5   74087 1 3 3  5.7  -53.0   11.5   41.1 *
 100   100   5 =Boo 13    6 26 46   41 21 B  5   73568 2 3 3  4.8  -51.5  -67.5   77.9 *
 101   101   5 =Boo 14    6 26 55   42 48 B  5   73745 2 3 1  4.5  -76.5  -34.5   66.1 *
 102   102   5 =Boo 15    6 27 28   40 42 B  5   73996 1 3 3  4.9   -5.8  -10.3   11.2 *
 103   103   5 =Boo 16    6 20 58   40 48 B  3   72105 1 1 1  2.3  -45.0   -8.2   35.1
 104   104   5 =Boo 17    6 16 16   42 09 B  4   71284 1 1 1  4.5  -17.9   -0.2   13.3
 105   105   5 =Boo 18    6 14 40   42 03 B  4   71053 1 1 1  3.6   14.5   25.5   27.6
 106   106   5 =Boo 19    6 25 19   28 00 B  4b  71795 1 1 1  3.8  -10.0   -4.7   10.0
 107   107   5 =Boo 20    6 11 43   28 00 B  3   67927 1 1 1  2.7  -16.7    9.7   17.7
 108   108   5 =Boo 21    6 10 01   26 45 B  4   67275 1 1 1  4.5    6.8  -11.2   12.8
 109   109   5 =Boo 22    6 11 19   25 00 B  4   67459 1 1 1  4.1    1.2   13.6   13.6
 110   110   5 =Boo 23a   6 16 31   31 18 B  1   69673 1 1 1 -0.1   -7.6  -10.5   12.3
 111   111   6 =CrB  1    7 04 34   44 30 B  2   76267 1 1 1  2.2  -12.0   -7.0   11.0
 112   112   6 =CrB  2    7 01 40   46 24 B  4   75695 1 1 1  3.7  -24.5  -17.9   24.7
 113   113   6 =CrB  3    7 01 10   48 21 B  4f  76127 1 1 1  4.1   22.7   15.3   21.5
 114   114   6 =CrB  4    7 03 40   50 45 B  6   77048 1 1 1  5.6   37.6  -13.7   27.5
 115   115   6 =CrB  5    7 06 28   44 27 B  4   76952 1 1 1  3.8   32.3    6.6   24.0
 116   116   6 =CrB  6    7 08 46   44 42 B  4   77512 1 1 1  4.6   22.7    8.1   18.0
 117   117   6 =CrB  7    7 10 55   46 00 B  4   78159 1 1 1  4.1   19.2    8.4   15.7
 118   118   6 =CrB  8    7 11 31   49 30 B  4   78493 1 1 1  5.0  -23.7  -16.7   22.8
 119   119   7 =Her  1    8 07 55   37 09 B  3f  84345 1 1 1  2.8   22.8   12.2   21.9
 120   120   7 =Her  2    7 23 40   42 54 B  3   80816 1 1 1  2.8  -25.9   -7.5   20.4
 121   121   7 =Her  3    7 20 46   39 27 B  3f  80170 1 1 1  3.7   35.0   37.1   45.8
 122   122   7 =Her  4    7 17 49   37 00 B  4f  79043 1 1 1  5.0    1.9   16.8   16.9
 123   123   7 =Her  5    8 06 19   47 45 B  3   84379 1 1 1  3.1   35.0    2.0   23.6
 124   124   7 =Her  6    8 12 37   49 15 B  5   85693 1 1 1  4.4  -34.5    6.9   23.5
 125   125   7 =Her  7    8 18 13   51 48 B  4   86974 1 1 1  3.4  -46.5  -30.2   41.8
 126   126   7 =Her  8    8 24 46   52 21 B  4   88794 1 1 1  3.8    5.6   -5.6    6.6
 127   127   7 =Her  9    8 22 25   53 39 B  4   87998 1 1 1  4.4  -48.2    3.1   28.7
 128   128   7 =Her 10    8 21 55   52 39 B  4   87933 1 1 1  3.7  -35.1    6.7   22.3
 129   129   7 =Her 11    7 24 10   53 09 B  3   81693 1 1 1  2.8  -27.5   -0.6   16.5
 130   130   7 =Her 12    8 00 25   53 30 B  4   83207 1 1 1  3.9    2.8  -11.1   11.2
 131   131   7 =Her 13    8 01 07   55 45 B  5f  83313 1 1 1  5.3  -59.8   13.1   36.0
 132   132   7 =Her 14    8 02 04   58 36 B  5f  83838 1 1 1  5.4  -18.3   -4.0   10.4
 133   133   7 =Her 15    8 04 46   59 51 B  4b  84380 2 1 1  3.2  -34.1  -13.6   22.0
 134   134   7 =Her 16    8 06 01   60 15 B  5   84606 1 1 1  4.6  -55.4   -4.9   28.0
 135   135   7 =Her 17    8 07 52   60 12 B  4   85112 1 1 1  4.2  -21.2   -0.2   10.5
 136   136   7 =Her 18    8 20 40   60 51 B  4   87808 1 1 1  3.9   -2.0   -5.6    5.6
 137   137   7 =Her 19    8 12 55   69 15 B  4   86414 1 1 1  3.8  -53.6    5.3   19.7
 138   138   7 =Her 20    8 04 13   70 12 B  6   84835 2 1 1  5.5  -90.9  -67.3   74.3
 139   139   7 =Her 21    8 05 49   71 18 B  6   85379 1 1 1  5.8  -65.9   -1.8   21.2
 140   140   7 =Her 22    8 09 10   72 00 B  6   86182 1 1 1  5.3   30.4   -9.9   13.7
 141   141   7 =Her 23    7 20 55   60 36 B  4   81833 1 1 1  3.5   -3.3  -14.0   14.1
 142   142   7 =Her 24    7 15 31   63 09 B  4   81126 1 1 1  4.2  -11.5    3.9    6.5
 143   143   7 =Her 25    7 06 46   65 48 B  4b  79992 1 1 1  3.9  -19.7    4.8    9.4
 144   144   7 =Her 26    7 04 37   63 48 B  4   79101 1 1 1  4.2  -55.4    1.7   24.5
 145   145   7 =Her 27    7 01 25   64 30 B  4   78592 1 1 1  4.7  -61.3   -7.8   27.6
 146   146   7 =Her 28    7 00 52   60 15 B  5   77760 1 1 1  4.6  -36.7   -1.2   18.3
 147   148   7 =Her 29a   7 24 13   35 15 B  4   80463 1 1 1  4.6  -31.2   -0.4   25.5
 148   149   8 =Lyr  1    9 08 19   62 00 B  1   91262 1 1 1  0.0  -52.9  -14.3   28.7
 149   150   8 =Lyr  2    9 10 55   62 30 B  4b  91919 1 1 1  4.7   -5.5   -2.8    3.8
 150   151   8 =Lyr  3    9 11 10   60 45 B  4b  91971 1 1 1  4.3  -52.1  -20.5   32.8
 151   152   8 =Lyr  4    9 14 55   59 48 B  4   92791 1 1 1  4.2  -62.6  -25.0   40.3
 152   153   8 =Lyr  5    9 23 10   60 48 B  4f  94481 1 1 1  4.4  -53.0   -3.8   26.1
 153   154   8 =Lyr  6    9 23 31   59 30 B  4f  94713 1 1 1  4.3  -46.1    7.6   24.6
 154   155   8 =Lyr  7    9 12 25   56 21 B  3f  92420 2 1 1  3.5  -80.3  -17.8   48.1
 155   156   8 =Lyr  8    9 11 55   55 15 B  4f  92405 1 1 1  5.2  -67.7    0.5   38.6
 156   157   8 =Lyr  9    9 15 07   55 24 B  3   93194 1 1 1  3.3  -59.7  -19.3   39.1
 157   158   8 =Lyr 10    9 15 13   54 36 B  5f  93279 1 1 1  4.9  -52.8   -5.8   31.2
 158   159   9 =Cyg  1    9 24 25   49 12 B  3f  95947 1 1 1  3.0  -57.7  -10.3   39.2 *
 159   160   9 =Cyg  2    9 28 10   50 39 B  6b  96683 1 1 1  4.7  -61.6    1.5   39.1
 160   161   9 =Cyg  3   10 05 16   54 30 B  5   98110 1 1 1  3.9   -6.0  -10.4   10.9
 161   162   9 =Cyg  4   10 18 28   57 51 B  3b 100453 2 1 1  2.2  -82.5  -41.2   60.5
 162   163   9 =Cyg  5   10 28 46   59 42 B  2  102098 1 1 1  1.3  -70.0   13.9   37.9
 163   164   9 =Cyg  6   10 09 07   64 30 B  3   97165 1 1 1  2.9  -37.1   -2.6   16.2
 164   165   9 =Cyg  7   10 12 25   69 42 B  4f  96441 2 1 1  4.5  -91.2   -4.3   32.0
 165   166   9 =Cyg  8   10 11 55   71 06 B  4   95853 2 1 1  3.8  -99.7   22.8   39.3
 166   167   9 =Cyg  9   10 08 40   74 00 B  4   94779 1 1 1  3.8  -88.0   -9.7   26.2
 167   168   9 =Cyg 10   10 20 04   49 18 B  3  102488 1 1 1  2.5  -12.2    8.0   11.3
 168   169   9 =Cyg 11   10 22 16   52 00 B  4f 102589 1 1 1  4.5  -17.2  -21.2   23.7
 169   170   9 =Cyg 12   10 25 43   43 00 B  3  104732 1 1 1  3.2  -27.2   44.0   48.3
 170   171   9 =Cyg 13   10 28 31   55 00 B  4  103413 1 1 1  3.9   -7.5   -3.5    5.6
 171   172   9 =Cyg 14   11 03 34   56 42 B  4  104060 1 1 1  3.7  -30.5   -5.9   17.8
 172   173   9 =Cyg 15   10 21 28   63 27 B  4b  99675 1 2 1  3.8  -67.1   11.2   31.9 *
 173   174   9 =Cyg 16   10 22 07   64 24 B  4   99848 1 1 1  4.0   -2.1   -4.8    4.9
 174   175   9 =Cyg 17   11 02 10   64 21 B  5  102177 4 2 2  5.4   99.0  -16.6   46.1 *
 175   176   9 =Cyg 18a  11 00 43   50 12 B  4b 104887 1 1 1  3.7    2.4   19.9   19.9
 176   177   9 =Cyg 19a  11 02 04   51 27 B  4  105102 1 1 1  4.2   31.4    3.8   19.9
 177   178  10 =Cas  1    0 28 28   43 45 B  4b   2920 1 1 1  3.7  -71.7   55.6   75.7
 178   179  10 =Cas  2    1 00 25   46 00 B  3    3179 1 1 1  2.2  -25.6   34.9   39.2
 179   180  10 =Cas  3    1 03 10   46 30 B  4    3821 1 1 1  3.5  -50.5   37.5   51.0
 180   181  10 =Cas  4    1 06 25   48 30 B  3b   4427 1 1 1  2.2  -16.9   15.8   19.3
 181   182  10 =Cas  5    1 10 19   45 45 B  3    6686 1 1 1  2.7  -14.2   37.6   38.9
 182   183  10 =Cas  6    1 17 25   46 51 B  4    8886 1 1 1  3.3  -27.8   38.4   42.8
 183   184  10 =Cas  7    1 20 46   47 36 B  4f   9573 4 3 2  5.6 -123.7    1.2   83.4 *
 184   185  10 =Cas  8    1 03 37   44 30 B  4f   5542 2 1 1  4.3   20.6  -84.7   85.9
 185   186  10 =Cas  9    1 07 46   44 48 B  5    6242 1 1 1  4.9   -3.3   14.6   14.8
 186   187  10 =Cas 10    0 22 07   49 30 B  6  118243 2 1 1  4.9   14.1   -7.7   12.0
 187   188  10 =Cas 11    1 05 25   51 42 B  4f   2599 1 1 1  4.2  -35.9   31.6   38.6
 188   189  10 =Cas 12    0 28 01   50 48 B  3     746 1 1 1  2.3  -44.9   26.5   38.8
 189   190  10 =Cas 13    0 23 40   51 00 B  6  117863 1 1 1  4.5  -23.2    7.8   16.5
 190   191  11 =Per  1    1 16 19   40 00 B  9       0 1 2 1  3.7    7.3   17.4   18.3 *
 191   192  11 =Per  2    1 21 25   37 09 B  4   13268 1 1 1  3.8  -32.3   16.2   30.4
 192   193  11 =Per  3    1 22 31   34 06 B  3f  14328 1 1 1  2.9  -19.2   21.9   27.0
 193   194  11 =Per  4    1 17 04   31 30 B  4f  12777 1 1 1  4.1  -16.5    5.1   15.0
 194   195  11 =Per  5    1 20 37   34 00 B  5   13531 1 1 1  3.9  -31.7   18.4   32.0
 195   196  11 =Per  6    1 21 40   30 33 B  4   14632 1 1 1  4.1  -26.2    5.5   23.2
 196   197  11 =Per  7    1 25 07   29 21 B  2   15863 2 1 1  1.8  -52.1   42.8   62.3
 197   198  11 =Per  8    1 25 19   27 27 B  4   16335 2 1 1  4.4  -32.5   31.6   42.7
 198   199  11 =Per  9    1 26 43   27 15 B  4   16826 2 1 1  4.3  -48.4   39.5   58.3
 199   200  11 =Per 10    1 27 55   26 57 B  3   17358 1 1 1  3.0  -57.0   17.4   53.7
 200   201  11 =Per 11    1 20 43   26 00 B  4   14668 1 1 1  3.8  -52.6    2.8   47.4
 201   202  11 =Per 12    1 18 55   22 00 B  2f  14576 1 1 1  2.1  -34.9   21.9   39.0
 202   203  11 =Per 13    1 18 40   20 45 B  4f  14817 1 1 1  4.6   -8.1    9.2   11.9
 203   204  11 =Per 14    1 17 37   20 21 B  4b  14354 1 1 1  3.3  -33.3   11.0   33.1
 204   205  11 =Per 15    1 16 40   21 09 B  4   13879 2 1 1  4.7  -35.8   31.5   45.9
 205   206  11 =Per 16    2 04 46   28 51 B  4   20070 2 1 1  4.6  -47.8  -27.7   50.3
 206   207  11 =Per 17    2 02 16   28 36 B  4   19167 1 1 1  4.3  -20.9   13.2   22.6
 207   208  11 =Per 18    2 02 10   25 36 B  4   19343 1 1 1  4.0  -30.5   34.2   43.9
 208   209  11 =Per 19    2 03 34   26 39 B  4   19812 1 1 1  4.1  -36.6   -0.7   32.7
 209   210  11 =Per 20    2 04 10   24 45 B  5   20354 1 1 1  4.8  -23.4  -11.8   24.3
 210   211  11 =Per 21    2 06 07   18 54 B  5   21476 1 1 1  4.3  -22.6    2.2   21.5
 211   212  11 =Per 22    1 26 28   21 48 B  4   17529 1 1 1  3.8  -28.6   17.1   31.6
 212   213  11 =Per 23    1 28 31   18 54 B  3   18532 1 1 1  2.9  -40.7    9.0   39.5
 213   214  11 =Per 24    1 27 37   14 33 B  4   18614 1 1 1  4.0  -29.1   19.5   34.2
 214   215  11 =Per 25    1 24 22   11 30 B  3f  17448 2 1 1  3.8  -63.9   37.2   72.8
 215   216  11 =Per 26    1 26 25   10 45 B  3f  18246 1 1 1  2.8  -68.1   31.0   73.7
 216   217  11 =Per 27a   2 01 49   18 54 B  5f  19811 1 1 1  4.7  -30.7   -2.3   29.1
 217   218  11 =Per 28a   2 04 43   31 00 B  5f  19949 1 1 1  5.2  -14.4   40.5   42.3
 218   219  11 =Per 29a   1 14 28   20 24 B  5   13254 2 1 1  4.2  -29.3   30.5   41.0
 219   220  12 =Aur  1    2 22 22   30 00 B  4   28358 1 1 1  3.7  -18.8   47.6   50.3
 220   221  12 =Aur  2    2 21 55   31 00 B  5   27949 2 1 1  5.0  -37.5   71.7   78.5
 221   222  12 =Aur  3    2 14 43   22 42 B  1   24608 1 1 1  0.1  -42.6    9.5   40.5
 222   223  12 =Aur  4    2 23 52   21 30 B  2   28360 1 1 1  1.9 -107.8   -3.9  100.4
 223   224  12 =Aur  5    2 20 28   14 48 B  5   27673 1 1 1  4.0   -1.8   50.9   50.9
 224   225  12 =Aur  6    2 22 43   13 33 B  3   28380 1 1 1  2.7  -37.8    9.7   38.0
 225   226  12 =Aur  7    2 11 01   20 40 B  4   23416 1 1 1  3.0   -1.2   12.3   12.3
 226   227  12 =Aur  8    2 11 34   18 09 B  4   23453 2 3 3  3.7  -46.7   -1.0   44.4 *
 227   228  12 =Aur  9    2 11 55   18 09 B  4   23767 1 3 3  3.2  -19.1    4.3   18.7 *
 228   229  12 =Aur 10    2 09 10   10 12 B  3f  23015 1 1 1  2.7  -22.4   11.1   24.6
 229   230  12 =Aur 11    2 15 11   05 15 B  2   25428 1 1 1  1.6  -27.5    5.3   27.9
 230   231  12 =Aur 12    2 16 40   08 30 B  6   25984 1 1 1  4.7  -21.0   19.1   28.2
 231   232  12 =Aur 13    2 16 25   10 54 B  6   25541 1 1 1  5.1  -63.2   15.6   64.0
 232   234  13 =Oph  1    8 15 13   35 51 B  3   86032 1 1 1  2.1  -38.6    5.6   31.7
 233   235  13 =Oph  2    8 17 10   28 09 B  3f  86742 1 1 1  2.8   19.8   -9.7   20.0
 234   236  13 =Oph  3    8 18 49   25 36 B  4   87108 1 1 1  3.8   -1.7   35.8   35.8
 235   237  13 =Oph  4    8 02 25   32 33 B  4   82673 1 1 1  4.4   22.6    1.8   19.1
 236   238  13 =Oph  5    8 03 40   32 00 B  4b  83000 1 1 1  3.2   20.9   -5.1   18.5
 237   239  13 =Oph  6    7 28 13   23 48 B  4   80883 1 1 1  3.8  -28.7   -9.8   28.0
 238   240  13 =Oph  7    7 24 25   17 15 B  3   79593 1 1 1  2.7    1.9    4.9    5.2
 239   241  13 =Oph  8    7 25 43   16 24 B  3   79882 1 1 1  3.2   -4.5    6.0    7.3
 240   242  13 =Oph  9    8 16 16   14 45 B  5b  86284 1 1 1  4.6   12.2   32.3   34.4
 241   243  13 =Oph 10    8 22 19   13 15 B  4b  88048 1 1 1  3.3  -24.5   30.4   38.6
 242   244  13 =Oph 11    8 23 07   14 36 B  5   88404 1 1 1  4.8  -10.5   44.2   45.3
 243   245  13 =Oph 12    8 10 37   06 45 B  3   84012 1 1 1  2.4  -30.1   30.3   42.5
 244   246  13 =Oph 13    8 13 04   01 48 B  4f  84893 1 1 1  4.4   -3.1   19.3   19.5
 245   247  13 =Oph 14    8 12 40   03 09 A  4f  84405 1 1 1  4.3  -26.5   -8.6   27.8
 246   248  13 =Oph 15    8 13 43   02 09 A  5f  84970 1 1 1  3.3  -10.1   23.0   25.1
 247   249  13 =Oph 16    8 14 19   00 18 A  4f  85340 1 1 1  4.2   10.1  -34.1   35.5
 248   250  13 =Oph 17    8 14 55   00 12 A  5   85755 2 1 1  4.8   42.4  -24.4   49.0
 249   251  13 =Oph 18    8 16 19   01 30 B  5f  86736 1 1 1  4.9  120.0   16.9  121.1
 250   252  13 =Oph 19    8 02 10   11 45 B  3   81377 1 1 1  2.5  -47.5  -17.5   49.7
 251   253  13 =Oph 20    8 01 04   05 30 B  5   80894 1 1 1  4.3  -14.6  -13.6   19.9
 252   254  13 =Oph 21    8 00 16   03 18 B  5   80569 1 1 1  4.2   -8.2   -0.2    8.1
 253   255  13 =Oph 22    7 29 46   01 45 B  5   80343 1 1 1  4.5   -3.7   -7.2    8.1
 254   256  13 =Oph 23    8 02 16   00 39 B  5   80975 1 1 1  4.4  -29.3   -9.2   30.7
 255   257  13 =Oph 24    8 01 07   00 45 A  5   80473 1 1 1  4.6  -31.6  -56.0   64.3
 256   258  13 =Oph 25a   8 22 40   28 09 B  4   88149 1 1 1  4.8  -26.3  -16.0   28.2
 257   259  13 =Oph 26a   8 22 37   26 15 B  4   88192 1 1 1  3.9  -16.9   11.7   19.2
 258   260  13 =Oph 27a   8 23 04   24 45 B  4   88290 1 1 1  4.4  -25.9    4.2   23.9
 259   261  13 =Oph 28a   8 24 13   26 00 B  4   88601 1 1 1  4.0  -34.0    9.4   31.9
 260   262  13 =Oph 29a   8 25 01   32 21 B  4   88771 2 1 1  3.7  -41.3   42.0   54.5
 261   263  14 =Ser  1    7 09 01   37 45 B  4   76852 1 1 1  4.5   17.1   25.3   28.7
 262   264  14 =Ser  2    7 11 43   39 42 B  4f  77661 1 1 1  4.7   -4.4   21.6   21.9
 263   265  14 =Ser  3    7 13 34   35 12 B  3f  78072 1 1 1  3.8   73.1   14.3   61.4
 264   266  14 =Ser  4    7 12 13   34 15 B  3f  77233 1 1 1  3.7   -9.6    8.4   11.5
 265   267  14 =Ser  5    7 11 25   37 00 B  5   77450 1 1 1  4.1   29.0   11.1   25.7
 266   268  14 =Ser  6    7 13 07   42 00 B  4f  78554 1 1 1  4.8   67.9   30.6   58.8
 267   269  14 =Ser  7    7 11 25   28 45 B  3f  76276 2 1 1  3.8  -56.1   11.5   50.5
 268   270  14 =Ser  8    7 14 28   26 39 B  4   77257 1 1 1  4.4    6.3   -1.8    5.9
 269   271  14 =Ser  9    7 14 25   25 48 B  3   77070 1 1 1  2.6  -13.8  -14.6   19.1
 270   272  14 =Ser 10    7 16 40   24 27 B  3f  77622 1 1 1  3.7  -13.2  -23.7   26.6
 271   273  14 =Ser 11    7 18 25   16 15 B  4   77516 1 1 1  3.5  -19.3    3.6   18.9
 272   274  14 =Ser 12    7 28 40   13 12 B  5   80628 1 1 1  4.6    2.7    5.1    5.7
 273   275  14 =Ser 13    8 12 25   10 21 B  4   84880 1 1 1  4.3    1.5   -0.9    1.7
 274   276  14 =Ser 14    8 16 40   08 06 B  4b  86263 1 1 1  3.5    2.2   -4.9    5.4
 275   277  14 =Ser 15    8 17 04   10 36 B  4   86565 1 1 1  4.2   29.4   -1.7   29.0
 276   278  14 =Ser 16    8 23 22   19 21 B  4   88175 2 1 1  4.6  -66.6   28.8   69.0
 277   279  14 =Ser 17    8 28 34   20 18 B  4b  89962 1 1 1  3.2  -38.1   18.9   40.4
 278   280  14 =Ser 18    9 08 07   26 54 B  4   92946 1 1 1  4.6  -12.2    2.6   11.2 *
 279   281  15 =Sge  1    9 29 49   39 15 B  4   98337 1 1 1  3.5  -35.7   -0.3   27.6
 280   282  15 =Sge  2    9 27 34   39 09 B  6   97496 1 1 1  5.0  -80.4   19.3   65.1
 281   283  15 =Sge  3    9 26 25   38 45 B  5   97365 1 1 1  3.7  -50.4   13.2   41.4
 282   284  15 =Sge  4    9 24 40   38 30 B  5   96757 2 1 1  4.4  -84.7   21.4   69.5
 283   285  15 =Sge  5    9 24 01   38 12 B  5   96837 1 1 1  4.4  -37.5    5.0   29.9
 284   286  16 =Aql  1    9 27 31   26 54 B  6   98823 1 1 1  5.5  -18.5   10.6   19.7
 285   287  16 =Aql  2    9 25 25   26 45 B  3f  98036 1 1 1  3.7  -48.5    2.6   43.4
 286   288  16 =Aql  3    9 24 10   29 15 B  2b  97649 1 1 1  0.8  -19.3    4.3   17.4
 287   289  16 =Aql  4    9 24 52   28 33 B  5   97938 1 1 3  4.7   -4.3   14.9   15.3 *
 288   290  16 =Aql  5    9 23 13   31 00 B  3   97278 1 1 1  2.7   -6.1   18.3   19.1
 289   291  16 =Aql  6    9 26 25   31 09 B  6   98103 1 1 1  5.3  -17.9   24.7   29.0
 290   292  16 =Aql  7    9 19 04   28 30 B  6   96229 1 1 1  4.4   -6.9   14.9   16.1
 291   293  16 =Aql  8    9 19 55   26 30 B  6   96665 1 1 1  5.2    3.7    2.3    4.0
 292   294  16 =Aql  9    9 12 31   36 15 B  3   93747 1 1 1  3.0  -32.6    1.1   26.3
 293   295  16 =Aql 10a   9 23 01   21 12 B  3f  97804 2 1 1  3.9  -24.9   23.1   32.8
 294   296  16 =Aql 11a   9 27 31   18 27 B  3   99473 2 1 1  3.2  -26.5   20.1   32.2
 295   297  16 =Aql 12a   9 16 16   24 27 B  3f  95501 2 1 1  3.4  -30.4   25.6   37.6
 296   298  16 =Aql 13a   9 17 49   19 51 B  4f  96468 1 1 1  4.4   11.2   13.6   17.2
 297   299  16 =Aql 14a   9 19 01   13 39 B  5   96483 1 1 1  4.9 -120.1   45.7  125.1
 298   300  16 =Aql 15a   9 10 19   16 30 B  3f  93805 1 1 1  3.4  -49.1   68.9   83.4
 299   301  17 =Del  1   10 06 22   29 12 B  4b 101421 1 1 1  4.0   -7.4   -4.4    7.8
 300   302  17 =Del  2   10 08 07   28 45 B  6  101800 1 1 1  5.4  -37.1    7.4   33.3
 301   303  17 =Del  3   10 07 49   27 36 B  6  101916 1 1 1  5.1  -26.4   -2.8   23.6
 302   304  17 =Del  4   10 08 16   31 45 B  3f 101769 1 1 1  3.6   14.7   13.7   18.5
 303   305  17 =Del  5   10 09 49   32 51 B  3f 101958 1 1 1  3.8  -15.4   13.2   18.5
 304   306  17 =Del  6   10 10 55   31 51 B  3f 102281 1 1 1  4.4  -36.4    8.7   32.1
 305   307  17 =Del  7   10 11 52   32 54 B  3f 102532 1 1 1  4.3  -17.5   -7.5   16.5
 306   308  17 =Del  8   10 07 10   31 21 B  6  101483 1 1 1  5.4  -10.1  -37.6   38.6
 307   309  17 =Del  9   10 07 19   32 12 B  6  101589 1 1 1  4.6   37.3    0.1   31.5
 308   310  17 =Del 10   10 08 31   30 30 B  6  101882 1 1 1  5.7   -6.8    9.5   11.1
 309   311  18 =Equ  1   10 15 22   20 00 B  4  104987 1 1 1  3.9   -4.7   10.7   11.6
 310   312  18 =Equ  2   10 16 58   20 45 B  6  105570 1 1 1  5.2   38.2   19.1   40.5
 311   313  18 =Equ  3   10 15 46   25 00 B  5f 104521 1 1 1  4.7   -9.4   14.9   17.1
 312   314  18 =Equ  4   10 16 40   24 36 B  5f 104858 1 1 1  4.5   -1.8   13.1   13.2
 313   315  19 =Peg  1    0 06 28   25 21 B  2f    677 1 1 1  2.1    1.2   20.4   20.4
 314   316  19 =Peg  2    0 01 22   12 24 B  2f   1067 1 1 1  2.8   -2.5   11.1   11.4
 315   317  19 =Peg  3   11 21 37   30 51 B  2f 113881 1 1 1  2.4   -5.3   16.8   17.4
 316   318  19 =Peg  4   11 15 55   19 00 B  2f 113963 1 1 1  2.5  -15.5   25.2   29.1
 317   319  19 =Peg  5   11 23 55   24 48 B  4  115250 2 1 1  4.6  -40.7   46.0   58.9
 318   320  19 =Peg  6   11 25 01   24 15 B  4  115623 1 1 1  4.4  -53.3   32.7   58.5
 319   321  19 =Peg  7   11 18 07   34 45 B  3  112158 1 1 1  2.9  -11.9   21.8   23.9
 320   322  19 =Peg  8   11 17 25   34 09 B  5  112051 1 1 1  4.8  -17.9   16.4   22.1
 321   323  19 =Peg  9   11 16 10   28 39 B  4b 112440 1 1 1  4.0  -55.6    9.3   49.7
 322   324  19 =Peg 10   11 17 13   29 00 B  4b 112748 1 1 1  3.5  -39.4   24.3   42.1
 323   325  19 =Peg 11   11 08 25   17 15 B  3f 112029 1 1 1  3.4   -6.0   26.9   27.5
 324   326  19 =Peg 12   11 11 13   18 00 B  4f 112447 1 1 1  4.2  -65.7   30.0   69.3
 325   327  19 =Peg 13   11 11 55   14 15 B  5f 113186 1 1 1  4.9  -71.4   15.1   70.8
 326   328  19 =Peg 14   11 10 58   15 21 B  5f 112935 1 1 1  5.2  -33.1   23.4   39.5
 327   329  19 =Peg 15   10 29 25   15 48 B  3f 109427 1 1 1  3.5  -27.3   34.6   43.4
 328   330  19 =Peg 16   10 28 13   15 15 B  5f 109068 1 1 1  4.9  -45.3   27.5   51.6
 329   331  19 =Peg 17   10 24 28   22 00 B  3  107315 1 1 1  2.4  -24.4    7.9   24.0
 330   332  19 =Peg 18   11 11 34   41 00 B  4  109410 2 1 1  4.3   12.1   -0.4    9.2
 331   333  19 =Peg 19   11 06 19   34 09 B  4  109176 1 1 1  3.8   14.4    8.2   14.5
 332   334  19 =Peg 20   11 01 31   36 27 B  4  107354 1 1 1  4.1  -23.2   12.7   22.6
 333   335  20 =And  1    0 14 28   24 00 B  3f   3092 1 1 1  3.3  -28.9   20.3   33.3
 334   336  20 =And  2    0 15 46   26 54 B  4    2912 1 1 1  4.3  -54.2   13.1   50.0
 335   337  20 =And  3    0 13 55   22 24 B  4    3031 1 1 1  4.3  -45.5   36.7   55.7
 336   338  20 =And  4    0 13 22   30 45 B  4f   1473 1 1 1  4.5  -45.5   49.1   62.7
 337   339  20 =And  5    0 13 37   32 30 B  4f   1366 2 1 1  4.6  -12.5   51.2   52.3
 338   340  20 =And  6    0 14 40   31 30 B  5f   1686 1 1 1  5.2  -50.9   51.8   67.4
 339   341  20 =And  7    0 08 34   41 00 B  4b 116631 1 1 1  4.3  -16.4    0.4   12.4
 340   342  20 =And  8    0 09 31   41 42 B  4b 116805 1 1 1  4.2   -1.0    0.0    0.8
 341   343  20 =And  9    0 10 52   43 24 B  4b 116584 1 1 1  3.8  -20.4   25.0   29.1
 342   344  20 =And 10    0 13 25   17 18 B  4f   3693 1 1 1  4.1  -38.5   17.7   40.8
 343   345  20 =And 11    0 15 10   15 36 B  5b   4463 1 1 1  4.4  -36.6   18.1   39.6
 344   346  20 =And 12    0 23 13   25 36 B  2f   5447 1 1 1  2.1  -38.9   19.8   40.2
 345   347  20 =And 13    0 21 58   29 30 B  4    4436 1 1 1  3.9  -37.9    7.4   33.8
 346   348  20 =And 14    0 21 01   32 30 B  4f   3881 1 1 1  4.5   19.3    1.6   16.4
 347   349  20 =And 15    1 06 31   27 36 B  3    9640 1 1 1  2.1   -7.0    9.7   11.5
 348   350  20 =And 16    1 06 55   36 30 B  4    8068 1 1 1  4.0   -8.2   18.0   19.1
 349   351  20 =And 17    1 04 55   35 00 B  4b   7607 1 1 1  3.6  -17.3   22.9   26.9
 350   352  20 =And 18    1 01 11   28 39 B  4b   7513 1 1 1  4.1  -23.7   19.4   28.4
 351   353  20 =And 19    1 01 28   27 36 B  4    7818 1 1 1  5.0  -23.0   17.2   26.6
 352   354  20 =And 20    0 29 55   36 00 B  5    5434 1 1 1  4.3  -78.0   19.4   65.9
 353   355  20 =And 21    1 02 40   34 15 B  5f   6999 1 1 1  5.3  -21.8   15.5   23.7
 354   356  20 =And 22    1 02 52   31 00 B  5f   7719 1 1 1  5.0  -11.6   26.2   28.0
 355   357  20 =And 23    0 00 40   43 42 B  4b 113726 2 1 1  3.6  -40.2    2.2   29.1
 356   358  21 =Tri  1    0 29 40   16 06 B  3    8796 1 1 1  3.4  -37.5   41.2   54.7
 357   359  21 =Tri  2    1 05 10   20 15 B  3   10064 1 1 1  3.0  -39.8   17.5   41.2
 358   360  21 =Tri  3    1 06 07   19 12 B  5f  10644 2 1 1  4.8  -30.5    9.9   30.4
 359   361  21 =Tri  4    1 06 37   18 12 B  3f  10670 1 1 1  4.0  -56.0   42.3   67.8
 360   362  22 =Ari  1    0 26 13   06 36 B  3    8832 1 1 1  3.9  -52.7   32.2   61.4
 361   363  22 =Ari  2    0 27 07   07 51 B  3    8903 2 1 1  2.6  -59.6   36.8   69.6
 362   364  22 =Ari  3    1 00 28   07 09 B  5f  10306 1 1 1  5.2  -12.2   12.9   17.7
 363   365  22 =Ari  4    1 00 58   05 36 B  5f  10732 1 1 1  5.6    4.0    6.3    7.4
 364   366  22 =Ari  5    0 26 01   05 06 B  5    9110 1 1 1  5.1  -20.7   19.4   28.3
 365   367  22 =Ari  6    1 06 55   05 45 B  6   12332 1 1 1  5.4  -37.2   21.9   43.0
 366   368  22 =Ari  7    1 10 31   03 12 B  5   13914 2 1 1  4.6    8.4   55.0   55.6
 367   369  22 =Ari  8    1 13 55   01 39 B  4   14838 1 1 1  4.3  -56.0    7.3   56.4
 368   370  22 =Ari  9    1 14 55   02 30 B  4   15110 2 1 1  4.9  -48.7   20.5   52.8
 369   371  22 =Ari 10    1 16 31   01 39 B  4   15737 1 1 1  5.1  -43.0   24.9   49.7
 370   372  22 =Ari 11    1 08 34   01 12 B  5   13165 4 2 2  5.3  -76.6   -6.9   76.9 *
 371   373  22 =Ari 12    1 07 40   01 24 A  5   13327 1 1 1  5.5  -34.5    3.3   34.6
 372   374  22 =Ari 13    1 04 55   05 00 A  4   12828 1 1 1  4.3  -52.1  -36.1   63.2
 373   375  22 =Ari 14a   1 00 43   09 30 B  3b   9884 2 1 1  2.0  -54.7   26.9   60.3
 374   376  22 =Ari 15a   1 11 01   10 00 B  4   13209 1 1 1  3.6  -39.4   24.7   46.0
 375   377  22 =Ari 16a   1 11 22   12 00 B  5   13061 1 1 1  4.5  -51.2   27.0   56.8
 376   378  22 =Ari 17a   1 09 40   10 54 B  5   12719 1 1 1  4.7  -34.2   21.5   39.9
 377   379  22 =Ari 18a   1 08 55   10 36 B  5f  12489 1 1 1  5.3  -37.6   14.3   39.6
 378   380  23 =Tau  1    1 16 10   06 24 A  4   16369 1 1 1  4.1  -25.7   25.4   36.0
 379   381  23 =Tau  2    1 15 49   07 42 A  4   16322 1 1 1  5.1  -34.6   12.0   36.3
 380   382  23 =Tau  3    1 14 34   08 54 A  4b  16083 1 1 1  3.7  -30.9    2.9   30.7
 381   383  23 =Tau  4    1 13 52   09 39 A  4b  15900 1 1 1  3.6  -32.6   15.9   35.8
 382   384  23 =Tau  5    1 19 55   09 00 A  6   17771 1 1 1  5.1  -25.4   18.0   30.9
 383   385  23 =Tau  6    1 23 43   08 21 A  3   18724 1 1 1  3.4  -56.0   19.5   58.7
 384   386  23 =Tau  7    1 26 25   12 42 A  4   19860 1 1 1  4.3  -41.5   27.1   48.8
 385   387  23 =Tau  8    1 23 22   14 45 A  4b  18907 2 1 1  3.9  -78.3   14.0   77.0
 386   388  23 =Tau  9    2 01 40   09 42 A  4   21589 1 1 1  4.3   13.4    7.9   15.4
 387   389  23 =Tau 10    2 01 13   12 15 A  4   21402 1 1 1  4.3  -16.8   26.9   31.5
 388   390  23 =Tau 11    1 28 55   06 09 A  3f  20205 2 1 1  3.7  -58.7   21.3   62.2
 389   391  23 =Tau 12    1 29 43   04 09 A  3f  20455 2 1 1  3.8  -42.7    7.1   43.1
 390   392  23 =Tau 13    2 01 04   06 15 A  3f  20894 2 1 1  3.4  -58.3   20.9   61.6
 391   393  23 =Tau 14    2 02 31   05 15 A  1   21421 1 1 1  0.9  -35.0  -15.4   38.1
 392   394  23 =Tau 15    2 01 10   02 54 A  3f  20889 1 1 1  3.5  -34.0   16.3   37.6
 393   395  23 =Tau 16    2 06 25   04 27 A  5   22565 1 1 1  5.1  -31.3   44.8   54.6
 394   396  23 =Tau 17    2 09 16   04 30 A  5   23835 1 1 1  4.9   19.8   12.3   23.2
 395   397  23 =Tau 18    2 09 25   03 00 A  5   23871 1 1 1  5.3   31.0   27.7   41.6
 396   398  23 =Tau 19    2 17 01   02 42 A  3   26451 1 1 1  3.0   -4.8   26.0   26.4
 397   399  23 =Tau 20    2 04 34   00 30 B  4   21881 1 1 1  4.3  -15.6    8.7   17.8
 398   401  23 =Tau 21    2 00 49   01 00 B  4   20711 1 1 1  4.3  -10.7    2.7   11.1
 399   402  23 =Tau 22    2 00 25   00 09 B  4   20635 2 1 1  4.2   -4.5   25.0   25.4
 400   403  23 =Tau 23    1 26 04   00 39 B  5   19038 2 1 1  4.4  -28.2   33.2   43.6
 401   404  23 =Tau 24    1 29 04   01 00 A  6   19990 2 1 1  4.9  -50.9   11.3   52.1
 402   405  23 =Tau 25    1 27 43   04 48 B  5   19513 1 1 1  5.4    6.1   27.3   27.9
 403   406  23 =Tau 26    1 27 19   06 18 B  5f  19171 1 1 3  5.2  -13.5   14.0   19.4
 404   407  23 =Tau 27    2 00 43   03 33 B  5   20430 1 1 1  5.4  -26.9   24.3   36.2
 405   408  23 =Tau 28    2 00 25   05 36 B  5   20250 1 1 1  5.0  -20.7    8.6   22.3
 406   409  23 =Tau 29    1 22 01   03 45 B  5   17499 2 3 3  3.7  -27.1   22.9   35.4 *
 407   410  23 =Tau 30    1 22 16   03 30 B  5   17608 2 1 3  4.1  -24.9   23.8   34.4
 408   411  23 =Tau 31    1 22 49   03 45 B  5   17847 1 1 1  3.6  -18.4    6.5   19.5
 409   412  23 =Tau 32    1 22 58   04 09 B  4   17702 2 3 3  2.8  -49.3   -9.5   50.0 *
 410   413  23 =Tau 33a   1 14 43   19 30 A  4   16852 2 1 1  4.3  -34.2   64.0   71.7
 411   414  23 =Tau 34a   2 09 10   01 15 A  5   23497 1 1 1  4.6  -14.2   -0.9   14.2
 412   415  23 =Tau 35a   2 12 43   01 09 A  5   24822 1 1 1  5.0    0.4    4.8    4.8
 413   416  23 =Tau 36a   2 14 46   01 30 A  5   25539 1 1 1  4.9   -7.1    8.1   10.8
 414   417  23 =Tau 37a   2 17 34   06 54 A  5   26777 1 1 3  4.8    4.2   -0.2    4.2 *
 415   418  23 =Tau 38a   2 18 49   08 00 A  6f  27265 1 1 3  6.0    7.3   20.8   22.0 *
 416   419  23 =Tau 39a   2 16 16   01 15 B  5   26248 1 1 1  5.4   16.8  -36.1   39.8 
 417   420  23 =Tau 40a   2 17 43   02 30 B  5   26640 1 1 1  5.2   -7.6   -1.9    7.8
 418   421  23 =Tau 41a   2 19 37   01 48 B  5   27468 1 1 1  4.9    2.2  -43.2   43.3
 419   422  23 =Tau 42a   2 20 13   03 42 B  5   27830 1 1 1  4.6   27.2   24.6   36.6
 420   423  23 =Tau 43a   2 21 28   02 20 B  5   28237 1 1 1  4.8   14.1    6.5   15.5
 421   424  24 =Gem  1    3 12 43   09 54 B  2   36850 1 1 1  1.6  -18.1    9.4   20.1
 422   425  24 =Gem  2    3 15 55   06 30 B  2   37826 1 1 1  1.2  -27.4    8.6   28.6
 423   426  24 =Gem  3    3 03 25   10 45 B  4b  33018 1 1 1  3.6   -8.7   13.0   15.5
 424   427  24 =Gem  4    3 07 55   07 30 B  4   34693 1 1 1  4.4  -19.2   11.6   22.2
 425   428  24 =Gem  5    3 11 28   05 30 B  4   36046 1 1 1  3.8  -20.6   12.4   23.9
 426   429  24 =Gem  6    3 13 49   04 54 B  4   36962 1 1 1  4.1  -19.2   16.0   24.9
 427   430  24 =Gem  7    3 16 01   02 45 B  4b  37740 1 1 1  3.6  -11.9   16.3   20.2
 428   431  24 =Gem  8    3 11 01   02 45 B  5f  35846 1 1 1  5.0   -0.1    9.3    9.3
 429   432  24 =Gem  9    3 11 55   05 45 B  5b  36429 1 1 3  5.0    4.4   11.8   12.6 *
 430   433  24 =Gem 10    3 02 13   01 51 B  3f  32246 1 1 1  3.1   -7.5    9.0   11.7
 431   435  24 =Gem 11    3 10 43   00 21 A  3   35550 1 1 1  3.5   -2.5    6.3    6.8
 432   434  24 =Gem 12    3 06 58   02 18 A  4b  34088 1 1 1  4.0   10.7   11.5   15.7
 433   436  24 =Gem 13    3 10 58   06 00 A  3f  35350 1 1 1  3.6   -1.6   18.2   18.3
 434   437  24 =Gem 14    2 25 55   01 30 A  4b  29655 1 1 1  3.3  -19.1   32.4   37.6
 435   438  24 =Gem 15    2 27 31   01 15 A  4b  30343 1 1 1  2.9   -4.3   22.4   22.8
 436   439  24 =Gem 16    2 29 25   03 24 A  3f  30883 1 1 1  4.1  -27.6   16.4   32.1
 437   440  24 =Gem 17    3 01 31   07 12 A  3   31681 1 1 1  1.9  -15.5   23.8   28.3
 438   441  24 =Gem 18    3 03 31   10 12 A  4   32362 1 1 1  3.3   -8.2    3.3    8.7
 439   442  24 =Gem 19a   2 23 13   00 45 A  4f  28734 1 1 1  4.2   -7.1   31.4   32.1
 440   443  24 =Gem 20a   2 25 55   06 00 B  4f  29696 1 1 1  4.3  -23.4    4.3   23.7
 441   444  24 =Gem 21a   3 04 04   02 00 A  5f  32921 1 1 1  5.3    2.7   47.4   47.5
 442   445  24 =Gem 22a   3 19 01   01 20 A  5f  38722 1 1 3  5.4   11.2   23.7   26.2 *
 443   446  24 =Gem 23a   3 17 13   03 00 A  5f  37908 1 1 3  4.9    2.2   17.8   18.0 *
 444   447  24 =Gem 24a   3 15 46   04 15 A  5f  37300 1 1 3  5.0    3.8   26.4   26.7 *
 445   448  24 =Gem 25a   3 21 10   02 45 A  4f  39177 1 1 1  5.6  -15.8  -28.8   32.8
 446   449  25 =Cnc  1    3 29 46   01 00 B  9   42556 1 1 1  6.3  -13.0    6.5   14.5 *
 447   450  25 =Cnc  2    3 27 25   01 21 B  4f  41909 1 1 1  5.3    8.8   10.4   13.6
 448   451  25 =Cnc  3    3 27 40   01 15 A  4f  41822 1 1 1  5.3   13.3   26.1   29.3
 449   452  25 =Cnc  4    3 29 34   03 06 B  4   42806 1 1 1  4.7    8.2    2.7    8.6
 450   453  25 =Cnc  5    4 00 43   00 15 A  4   42911 1 1 1  3.9    9.1   18.5   20.6
 451   454  25 =Cnc  6    4 05 40   05 21 A  4   44066 1 1 1  4.3    7.5   13.3   15.3
 452   455  25 =Cnc  7    3 28 07   10 15 B  4   43103 1 1 1  4.0   22.5    7.7   23.4 
 453   456  25 =Cnc  8    3 23 37   00 54 B  5f  39780 2 1 1  5.3 -119.6   24.0  121.9
 454   457  25 =Cnc  9    3 26 43   10 30 A  3f  40526 1 1 1  3.5  -17.6    9.8   19.9
 455   458  25 =Cnc 10a   4 04 10   02 15 A  4f  43970 1 1 3  5.2   21.7   21.4   30.5 *
 456   459  25 =Cnc 11a   4 07 55   05 48 A  4f  44798 1 1 1  5.2   24.7   11.1   27.0
 457   460  25 =Cnc 12a   4 02 49   07 00 B  5   44405 1 1 1  5.4   22.3   14.1   26.3
 458   461  25 =Cnc 13a   4 04 55   05 00 B  5   44946 1 1 1  5.2   26.5   22.4   34.6
 459   462  26 =Leo  1    4 08 10   10 09 B  4   46146 1 1 1  4.5  -43.6   14.2   45.2
 460   463  26 =Leo  2    4 10 10   08 00 B  4   46750 1 1 1  4.3   -8.9   -9.0   12.6
 461   464  26 =Leo  3    4 13 25   12 21 B  3f  48455 1 1 1  3.9   10.9   -1.4   10.8
 462   465  26 =Leo  4    4 13 07   09 45 B  3b  47908 1 1 1  3.0  -15.8   -4.4   16.2
 463   466  26 =Leo  5    4 20 25   11 33 B  3   50335 2 1 1  3.4  -42.9   16.8   45.3
 464   467  26 =Leo  6    4 21 58   09 00 B  2   50583 1 1 1  2.0  -15.8  -12.8   20.2
 465   468  26 =Leo  7    4 20 19   04 48 B  3   49583 1 1 1  3.5  -15.9    1.9   15.9
 466   469  26 =Leo  8    4 22 13   00 09 B  1   49669 1 1 1  1.4  -11.9   17.7   21.4
 467   470  26 =Leo  9    4 22 22   01 27 A  4   49637 1 1 1  4.4   12.6    0.7   12.6
 468   471  26 =Leo 10    4 19 55   00 12 A  5   48883 1 1 1  5.3  -25.4   13.2   28.6
 469   472  26 =Leo 11    4 16 55   00 06 B  6   47723 1 1 1  5.4  -76.8   12.7   77.8
 470   473  26 =Leo 12    4 14 22   03 09 A  6   46771 1 1 1  5.0  -33.3   -1.8   33.3
 471   474  26 =Leo 13    4 16 22   03 57 A  4b  47508 1 1 1  3.5    3.4   10.0   10.6
 472   475  26 =Leo 14    4 21 40   04 00 A  4   49029 1 1 1  4.7  -11.6    3.6   12.1
 473   476  26 =Leo 15    4 28 37   00 09 A  4   51624 1 1 1  3.8   -4.5   16.5   17.1
 474   477  26 =Leo 16    4 26 25   04 15 B  6   51585 1 1 1  5.4   12.0   18.3   21.8
 475   478  26 =Leo 17    5 00 01   05 36 B  6   52689 1 1 1  5.5  -12.4   19.3   22.9
 476   479  26 =Leo 18    5 02 19   02 06 B  6   52911 1 1 1  5.3  -29.2   41.9   51.0
 477   480  26 =Leo 19    5 01 19   13 06 B  5b  53954 1 1 1  4.4  -19.4  -12.6   22.7
 478   481  26 =Leo 20    5 03 28   14 09 B  2   54872 1 1 1  2.6   -2.7   10.5   10.8
 479   482  26 =Leo 21    5 02 40   16 45 B  5   54951 1 1 3  4.6   -3.4    1.2    3.5
 480   483  26 =Leo 22    5 05 40   09 24 B  3   54879 1 1 1  3.3   -6.0   16.4   17.4
 481   484  26 =Leo 23    5 09 58   06 09 B  3f  55642 1 1 1  4.0  -16.9   -3.2   17.1
 482   485  26 =Leo 24    5 11 16   01 15 B  4b  55434 1 1 1  4.1  -23.9   26.7   35.8
 483   486  26 =Leo 25    5 11 31   05 00 A  4   54849 1 1 3  5.4    2.8   21.5   21.6
 484   487  26 =Leo 26    5 17 04   03 15 A  5   56647 1 1 1  4.3    7.7   11.8   14.1
 485   488  26 =Leo 27    5 13 49   12 00 B  1   57632 2 1 1  2.1    0.2   18.5   18.5
 486   489  26 =Leo 28a   4 25 40   14 00 B  5   52457 1 1 1  5.1   -1.7   -3.4    3.8
 487   490  26 =Leo 29a   4 27 55   16 30 B  5   53417 1 1 1  4.3  -16.1   -1.4   15.5
 488   491  26 =Leo 30a   5 06 43   01 15 B  4f  54182 1 1 1  4.6   -0.6    6.2    6.3
 489   492  26 =Leo 31a   5 06 19   00 30 A  5   53824 1 1 1  5.0   -9.1   17.0   19.3
 490   493  26 =Leo 32a   5 07 16   03 00 A  5   53807 1 1 1  4.8  -11.7   28.2   30.5
 491   494  26 =Leo 33a   5 16 04   28 12 B  5   60742 1 1 1  4.3   -3.4   12.8   13.1
 492   495  26 =Leo 34a   5 16 25   23 30 B  5   59847 1 1 1  4.9  -39.5   -1.8   36.3 *
 493   496  26 =Leo 35a   5 20 28   24 00 B  5   61394 1 1 1  4.8    6.5    7.3    9.4 *
 494   497  27 =Vir  1    5 16 31   04 39 B  5   57380 1 1 1  4.0  -13.2   -2.4   13.3
 495   498  27 =Vir  2    5 16 25   06 15 B  5   57328 2 1 3  4.8  -56.8   -8.4   57.1
 496   499  27 =Vir  3    5 20 31   08 24 B  5   58948 1 1 1  4.1  -38.7    7.9   39.1
 497   500  27 =Vir  4    5 20 19   06 09 B  5   58590 1 1 1  4.7  -36.9    0.5   36.7
 498   501  27 =Vir  5    5 18 31   00 10 B  3   57757 1 1 1  3.6   40.6   31.3   51.2
 499   502  27 =Vir  6    5 27 07   01 30 B  3   60129 1 1 1  3.9   -7.6   -7.0   10.3
 500   503  27 =Vir  7    6 02 13   02 54 B  3   61941 1 1 1  2.7   10.0   -3.8   10.6
 501   504  27 =Vir  8    6 06 22   03 00 B  6   63494 1 1 1  6.0   62.4   -7.4   62.8
 502   505  27 =Vir  9    6 10 25   01 36 B  4   64238 1 1 1  4.4   -1.6   10.6   10.8
 503   506  27 =Vir 10    6 04 01   08 45 B  3   63090 1 1 1  3.4  -20.9   -4.8   21.3
 504   507  27 =Vir 11    5 27 46   13 30 B  5f  61960 1 1 1  4.9   -8.2    3.7    8.8
 505   508  27 =Vir 12    6 00 01   11 18 B  6   62267 1 1 1  5.2  -26.0   17.0   30.7
 506   509  27 =Vir 13    6 01 19   16 15 B  3   63608 1 1 1  2.8   47.8   -0.8   45.9
 507   510  27 =Vir 14    6 16 10   02 09 A  1f  65474 1 1 1  1.0  -10.0    8.2   12.9
 508   511  27 =Vir 15    6 14 55   08 45 B  3f  66249 1 1 1  3.4  -35.8   -4.3   35.6
 509   512  27 =Vir 16    6 16 16   03 12 B  5f  66006 1 1 1  4.7  -31.0   -1.9   31.0
 510   513  27 =Vir 17    6 17 19   00 24 A  6   66098 1 1 1  5.2    5.4    1.1    5.5
 511   514  27 =Vir 18    6 18 55   01 09 B  5f  66803 1 1 1  5.0   -2.5   35.8   35.9
 512   515  27 =Vir 19    6 21 13   01 30 A  5f  67172 1 1 3  5.5   -1.6    9.2    9.3 *
 513   516  27 =Vir 20    6 18 25   02 54 A  5f  66247 1 1 3  5.9   30.0  -10.2   31.6 *
 514   517  27 =Vir 21    6 18 58   08 45 B  5   67929 1 1 1  5.2   22.5   53.7   58.1
 515   518  27 =Vir 22    6 25 49   07 15 B  4   69701 1 1 1  4.1    6.4    3.5    7.3
 516   519  27 =Vir 23    6 26 52   03 00 B  4   69427 1 1 1  4.2  -13.0   -3.8   13.6
 517   520  27 =Vir 24    6 27 40   11 45 B  4f  70755 1 1 1  4.8   -3.2    3.9    5.0
 518   521  27 =Vir 25    6 29 07   00 42 B  4   69974 1 1 1  4.5   -0.5   -9.9    9.9
 519   522  27 =Vir 26    7 02 37   09 51 B  4b  71957 1 1 1  3.9  -22.4   -5.1   22.6
 520   523  27 =Vir 27a   6 04 10   03 42 A  5   61740 1 1 1  4.7    9.2   15.6   18.1
 521   524  27 =Vir 28a   6 08 10   03 24 A  5   62985 1 1 1  4.8   11.5   -0.2   11.5
 522   525  27 =Vir 29a   6 11 19   03 21 A  5   64078 1 1 1  5.2   34.9    7.1   35.6
 523   526  27 =Vir 30a   6 16 07   08 00 A  6   64407 1 1 1  5.0  -72.6    8.8   72.4
 524   527  27 =Vir 31a   6 17 19   08 36 A  5   64924 1 1 1  4.7   -3.2  -26.7   26.9
 525   528  27 =Vir 32a   6 24 10   07 42 A  6   67494 1 1 1  5.0   -2.4   82.2   82.2
 526   529  28 =Lib  1    7 07 52   00 45 B  3b  72622 1 1 1  2.8  -37.2  -20.8   42.6
 527   530  28 =Lib  2    7 06 31   01 45 B  5f  72489 1 1 1  5.3  -11.4   20.5   23.5
 528   531  28 =Lib  3    7 11 58   08 45 B  3b  74785 1 1 1  2.6  -26.1  -11.3   28.2
 529   532  28 =Lib  4    7 07 58   08 36 B  5f  73473 1 1 1  4.9  -31.7  -17.7   36.0
 530   533  28 =Lib  5    7 13 16   01 46 A  4   74392 1 1 1  4.5   -6.3   -1.0    6.3
 531   534  28 =Lib  6    7 10 46   01 09 B  5f  73945 1 1 1  5.2    9.6    6.6   11.7
 532   535  28 =Lib  7    7 17 49   04 45 B  4   76333 1 1 1  3.9  -32.3  -18.3   37.0
 533   536  28 =Lib  8    7 22 04   02 57 B  4   77853 1 1 1  4.1   -3.3   33.8   34.0
 534   537  28 =Lib  9a   7 15 55   08 42 B  5   76219 1 1 1  4.6   -8.3   17.1   18.9
 535   538  28 =Lib 10a   7 22 46   06 30 B  4f  78207 1 1 1  4.9  -13.0  -20.7   24.4
 536   539  28 =Lib 11a   7 23 25   08 54 B  4f  78727 1 1 1  4.2    2.1   23.9   24.0
 537   540  28 =Lib 12a   7 22 25   00 36 B  6   77811 1 1 1  5.0   12.7  -26.7   29.6
 538   541  28 =Lib 13a   7 19 40   03 12 B  6   77060 1 1 3  5.4   -9.6   52.4   53.3
 539   542  28 =Lib 14a   7 20 25   01 24 A  4   76880 2 1 3  4.8  -30.3   87.8   92.8
 540   543  28 =Lib 15a   7 13 19   07 30 A  3f  73714 1 1 1  3.3  -27.7   -4.5   27.9
 541   544  28 =Lib 16a   7 20 55   08 15 A  4   76470 1 1 1  3.6   -8.9  -11.5   14.4
 542   545  28 =Lib 17a   7 21 43   10 00 A  4   76600 1 1 1  3.7  -12.3    3.0   12.5
 543   546  29 =Sco  1    7 25 22   01 20 B  3   78820 1 1 1  2.6   -1.5  -15.2   15.3
 544   547  29 =Sco  2    7 24 58   02 03 A  3   78401 1 1 1  2.3  -14.5    8.2   16.7
 545   548  29 =Sco  3    7 24 40   05 27 A  3   78265 2 1 1  2.9   25.8    2.8   25.8
 546   549  29 =Sco  4    7 24 55   08 51 A  3f  78104 1 1 1  3.9   23.3   19.4   30.1
 547   550  29 =Sco  5    7 26 28   01 45 B  4   79374 1 1 1  4.0   19.8   -2.6   19.9
 548   551  29 =Sco  6    7 25 10   00 30 B  4   78933 2 1 1  3.9   39.4  -12.4   41.3
 549   552  29 =Sco  7    8 00 28   03 45 A  3f  80112 1 1 1  2.9  -30.7  -12.9   33.2
 550   553  29 =Sco  8    8 02 16   04 30 A  2   80763 1 1 1  1.1  -21.0    0.3   20.9
 551   554  29 =Sco  9    8 03 40   06 21 A  3   81266 1 1 1  2.8   -3.3   18.3   18.6
 552   555  29 =Sco 10    7 28 13   06 57 A  5f  79404 2 1 1  4.6   11.1   20.6   23.3
 553   556  29 =Sco 11    7 29 25   07 12 A  5f  79881 1 1 1  4.8   25.1    9.7   26.7
 554   557  29 =Sco 12    8 06 49   12 00 A  3   82396 1 1 1  2.3   45.9   23.1   50.6
 555   558  29 =Sco 13    8 07 55   15 15 A  3   82514 1 1 1  3.0   23.8   -5.8   23.6
 556   559  29 =Sco 14    8 09 19   18 51 A  4   82671 2 1 1  4.7   -2.2  -44.1   44.1
 557   560  29 =Sco 15    8 09 25   19 15 A  4   82729 1 1 1  3.6   -0.4  -17.0   17.0
 558   561  29 =Sco 16    8 13 01   20 00 A  3f  84143 1 1 1  3.3   -7.6   -3.9    8.2
 559   562  29 =Sco 17    8 17 55   19 21 A  3   86228 1 1 2  1.9   -9.9  -13.3   16.2
 560   563  29 =Sco 18    8 19 28   16 18 A  3f  87073 1 1 2  3.0   12.5  -20.4   23.6
 561   564  29 =Sco 19    8 18 31   16 00 A  3   86670 1 1 1  2.4    6.4   26.0   26.7
 562   565  29 =Sco 20    8 16 31   13 33 A  3   85927 1 1 1  1.6   13.4   -9.6   16.2
 563   566  29 =Sco 21    8 15 55   13 54 A  3f  85696 1 1 1  2.7   15.0   -1.8   14.6
 564   567  29 =Sco 22a   8 19 55   13 39 A  4f  87261 1 1 1  3.2    8.8    5.8   10.3
 565   568  29 =Sco 23a   8 15 07   06 45 A  5   85423 1 1 1  4.3   -5.2   12.9   13.9
 566   569  29 =Sco 24a   8 19 31   04 15 A  5   87072 1 1 1  4.5   -7.3   -5.8    9.3
 567   570  30 =Sgr  1    8 23 49   07 12 A  3f  88635 1 1 1  3.0  -23.7   18.6   30.0
 568   571  30 =Sgr  2    8 26 58   06 45 A  3   89931 1 1 1  2.7  -14.3   21.3   25.6
 569   572  30 =Sgr  3    8 27 13   11 12 A  3b  90185 1 1 1  1.8    1.2   14.4   14.5
 570   573  30 =Sgr  4    8 28 25   02 00 A  3   90496 1 1 1  2.8    3.6   -2.1    4.2
 571   574  30 =Sgr  5    8 25 52   02 18 B  4   89341 2 1 1  3.8  -30.0    6.9   30.8
 572   575  30 =Sgr  6    9 04 31   03 45 A  3   92855 1 1 1  2.0    1.1   22.8   22.8
 573   576  30 =Sgr  7    9 02 19   03 54 A  4b  92041 1 1 1  3.2    0.5    1.1    1.2
 574   577  30 =Sgr  8    9 05 07   00 45 B  9   92845 1 1 2  5.0  -17.1  -30.6   35.0
 575   578  30 =Sgr  9    9 05 43   02 00 B  4   93085 2 1 1  3.5   -7.1  -16.0   17.4
 576   579  30 =Sgr 10    9 07 31   01 15 B  4   93683 1 1 1  3.8  -22.8  -18.6   29.4
 577   580  30 =Sgr 11    9 08 55   02 00 B  4b  94141 1 1 1  2.9  -30.7  -29.3   42.4
 578   581  30 =Sgr 12    9 10 49   03 15 B  5f  94820 1 1 1  4.9  -18.7    4.7   19.3
 579   582  30 =Sgr 13    9 11 25   04 06 B  4f  95168 1 1 1  3.9   11.5   11.3   16.1
 580   583  30 =Sgr 14    9 11 55   06 15 B  4f  95176 1 1 1  4.5   -2.0   -5.1    5.5
 581   584  30 =Sgr 15    9 15 13   05 24 B  6   96808 1 1 1  5.3   68.0  -16.2   69.6
 582   585  30 =Sgr 16    9 19 10   06 00 B  5f  98258 1 1 2  5.0   85.7  -50.3   99.0
 583   586  30 =Sgr 17    9 17 07   01 48 B  6   97290 1 1 1  4.9   -1.2  -19.1   19.1
 584   587  30 =Sgr 18    9 12 16   01 54 A  5f  95477 2 1 1  5.0  -47.3  -30.7   56.3
 585   588  30 =Sgr 19    9 14 40   03 06 A  4f  96465 1 1 1  4.6  -40.7   -5.3   41.0
 586   589  30 =Sgr 20    9 09 01   02 18 A  5f  94643 1 1 1  4.9   10.3  -33.2   34.8
 587   590  30 =Sgr 21    9 06 31   05 00 A  4b  93864 1 1 1  3.3   28.8    1.1   28.7
 588   591  30 =Sgr 22    9 05 31   07 00 A  3   93506 1 1 1  2.6   16.4   -6.6   17.6
 589   592  30 =Sgr 23    9 07 46   22 18 A  4f  95241 2 1 1  4.0    9.1   13.7   16.1
 590   593  30 =Sgr 24    9 08 43   18 36 A  4f  95347 1 1 1  4.0    3.6   18.5   18.8
 591   594  30 =Sgr 25    8 25 55   13 18 A  3f  89642 1 1 1  3.1   -7.0    1.2    7.0
 592   595  30 =Sgr 26    9 16 55   13 21 A  4f  98412 2 3 1  4.4    5.8  -58.0   58.3 *
 593   596  30 =Sgr 27    9 14 25   20 39 A  4f  98032 1 1 1  4.1   16.5    3.0   15.7
 594   597  30 =Sgr 28    9 18 07   05 30 A  5   98066 1 1 1  4.7   -9.0    8.2   12.2
 595   598  30 =Sgr 29    9 18 55   05 30 A  5   98353 1 1 1  4.8  -12.9    6.2   14.3
 596   599  30 =Sgr 30    9 18 25   06 09 A  5   98162 1 1 1  4.5  -20.7   -6.4   21.6
 597   600  30 =Sgr 31    9 19 07   07 00 A  5   98688 1 1 1  4.4    5.5   -2.6    6.1
 598   601  31 =Cap  1    9 26 31   06 42 B  3f 100064 2 1 1  3.6  -30.6   17.4   35.0
 599   602  31 =Cap  2    9 26 49   06 27 B  5f 100310 1 1 1  4.8  -13.7   11.2   17.6
 600   603  31 =Cap  3    9 26 10   04 45 B  3f 100345 1 1 1  3.0    1.7   -6.2    6.4
 601   604  31 =Cap  4    9 24 55   07 30 B  6f  99572 1 1 1  5.8  -17.2  -14.3   22.3
 602   605  31 =Cap  5    9 27 31   00 42 B  6  101123 1 1 1  5.9   -8.8  -14.3   16.7
 603   606  31 =Cap  6    9 27 19   01 39 B  6  100881 2 1 1  5.1  -27.0  -41.4   49.5
 604   607  31 =Cap  7    9 27 31   01 21 B  6  101027 1 1 1  4.8  -11.7   -5.6   13.0
 605   608  31 =Cap  8    9 25 13   00 36 B  6  100195 1 1 1  5.3  -23.2   -5.0   23.8
 606   609  31 =Cap  9   10 00 22   03 27 B  6  101923 1 1 1  5.2    5.1   -2.6    5.7
 607   610  31 =Cap 10   10 00 10   00 54 B  6  101984 1 1 1  5.2  -20.9  -37.2   42.6
 608   612  31 =Cap 11    9 29 25   07 00 A  4  102485 1 1 1  4.1   -5.8    2.9    6.5
 609   611  31 =Cap 12   10 00 01   08 45 A  4  102978 1 1 1  4.1    5.3   -9.5   10.8
 610   613  31 =Cap 13   10 03 55   08 06 A  4f 104234 1 1 1  4.5    4.7    3.2    5.6
 611   614  31 =Cap 14   10 09 16   07 00 A  4f 105881 1 1 1  3.8  -11.1    3.2   11.5
 612   615  31 =Cap 15   10 09 34   06 12 A  5b 106039 1 1 1  4.5    8.6  -18.9   20.7
 613   616  31 =Cap 16   10 06 55   04 36 A  6  104963 1 1 1  5.2   15.3    7.3   17.0
 614   617  31 =Cap 17   10 05 01   04 18 A  6  104365 1 1 1  5.3   24.9  -11.7   27.4
 615   618  31 =Cap 18   10 04 55   02 42 A  5f 104019 1 1 1  4.8   -1.3  -14.4   14.4
 616   619  31 =Cap 19   10 06 01   00 00 A  4  104139 1 1 1  4.1   -1.8  -31.4   31.5
 617   620  31 =Cap 20   10 09 55   00 48 A  4  105515 1 1 1  4.3   -5.3  -31.2   31.7
 618   621  31 =Cap 21   10 12 34   05 15 A  4  106723 1 1 1  4.5  -13.3   19.1   23.3
 619   622  31 =Cap 22   10 14 07   05 00 A  4f 107188 1 1 1  4.7  -20.7   12.7   24.2
 620   623  31 =Cap 23   10 14 13   02 30 A  3f 106985 1 1 1  3.7  -18.2   -0.2   18.1
 621   624  31 =Cap 24   10 15 28   02 15 A  4  107556 1 1 1  2.8   12.1  -15.3   19.5
 622   625  31 =Cap 25   10 15 43   00 15 B  5f 107095 1 1 1  5.2  -33.2  -22.3   40.0
 623   626  31 =Cap 26   10 18 10   00 00 B  5  108036 1 1 1  5.1  -13.8  -37.9   40.3
 624   627  31 =Cap 27   10 16 31   02 48 B  5  107517 1 1 1  5.6   38.7  -49.8   63.0
 625   628  31 =Cap 28   10 17 34   04 00 B  5  107382 1 1 1  5.1    0.2   14.8   14.8
 626   629  32 =Aqr  1   10 20 13   15 15 B  6f 106944 1 1 1  5.1   -5.1    8.1    9.5
 627   630  32 =Aqr  2   10 25 31   10 09 B  3f 109074 2 1 1  3.0   -0.1   32.6   32.6
 628   631  32 =Aqr  3   10 24 34   08 42 B  5  108874 1 1 1  4.7  -17.9   29.8   34.6
 629   632  32 =Aqr  4   10 15 43   08 48 B  3f 106278 1 1 1  2.9   -9.8   -8.6   12.9
 630   633  32 =Aqr  5   10 16 40   06 45 B  5  106786 1 1 1  4.7  -24.3  -44.6   50.7
 631   634  32 =Aqr  6   10 06 07   07 06 B  6  103401 1 1 3  5.5   -4.9   12.9   13.8
 632   635  32 =Aqr  7   10 05 22   08 09 B  5f 103045 1 1 1  4.7   -9.2    8.8   12.7
 633   636  32 =Aqr  8   10 03 49   08 09 B  4b 102618 1 1 1  3.8    3.8   -0.7    3.8
 634   637  32 =Aqr  9   10 29 13   08 00 B  3f 110395 1 1 1  3.9  -21.6   16.0   26.7
 635   638  32 =Aqr 10   11 00 55   10 09 B  4b 110672 1 1 1  4.8   -9.4   20.8   22.7
 636   639  32 =Aqr 11   11 01 07   08 48 B  3f 110960 1 1 1  3.7   -4.4    4.4    6.2
 637   640  32 =Aqr 12   11 02 55   08 00 B  3f 111497 1 1 1  4.0  -21.6   10.8   24.0
 638   641  32 =Aqr 13   10 25 43   01 48 B  4  110003 2 1 1  4.2  -18.8   56.7   59.8
 639   642  32 =Aqr 14   10 26 10   02 18 B  5f 110273 1 1 1  5.3    0.9    6.0    6.1
 640   643  32 =Aqr 15   10 28 01   01 15 A  4f 111123 1 1 1  4.8  -28.6    3.1   28.8
 641   644  32 =Aqr 16   10 21 37   01 54 A  4f 109139 1 1 1  4.3  -45.0   -8.2   45.7
 642   645  32 =Aqr 17   10 23 10   04 45 B  6f 108868 1 1 3  5.6  -27.5   21.5   34.9
 643   646  32 =Aqr 18   11 01 55   08 18 A  3  113136 1 1 1  3.3  -53.6    7.9   53.6
 644   647  32 =Aqr 19   11 01 37   05 45 A  4  112716 1 1 1  4.1  -52.3    6.8   52.5
 645   648  32 =Aqr 20   10 24 43   06 09 A  6  110778 1 1 1  5.6  -22.3  -18.8   29.1
 646   649  32 =Aqr 21   10 28 34   11 00 A  5f 112529 1 1 1  5.2  -35.5    0.6   34.8
 647   650  32 =Aqr 22   10 27 49   10 06 A  5f 112211 1 1 1  4.7  -26.1   10.3   27.7
 648   652  32 =Aqr 23   11 04 31   00 18 B  4  112961 1 1 1  3.7  -47.6  -40.3   62.4
 649   653  32 =Aqr 24   11 07 04   01 10 A  4f 113996 1 1 1  5.4  -31.8  -29.8   43.6
 650   654  32 =Aqr 25   11 08 58   00 30 A  4f 114724 1 1 1  4.2   19.7  -30.6   36.4
 651   655  32 =Aqr 26   11 09 25   02 00 A  4f 114939 1 1 1  4.9  -12.2  -49.7   51.2
 652   656  32 =Aqr 27   11 08 55   03 24 A  4  114855 2 1 1  4.2  -30.8  -33.8   45.7
 653   657  32 =Aqr 28   11 09 34   04 00 A  4  115033 1 1 1  4.4  -41.5  -16.1   44.5 *
 654   657  32 =Aqr 29   11 09 19   05 00 A  4  115115 1 1 0  5.0  -22.5   14.2   26.5 *
 655   658  32 =Aqr 30   11 07 34   08 48 A  5f 115125 1 1 3  5.2   -6.9   29.2   30.0 *
 656   659  32 =Aqr 31   11 11 55   11 30 A  5  116971 1 1 2  4.5   24.4   -5.8   24.6 *
 657   660  32 =Aqr 32   11 12 07   11 00 A  5  116758 1 1 2  5.0  -19.0   -1.0   18.7 *
 658   661  32 =Aqr 33   11 10 55   14 30 A  5  116901 1 1 1  4.8  -10.4   -0.2   10.0
 659   662  32 =Aqr 34   11 11 34   15 06 A  5  117089 1 1 1  5.2  -28.4   -3.6   27.7
 660   663  32 =Aqr 35   11 12 25   15 42 A  5  117629 1 2 1  5.2    0.5  -44.3   44.3 *
 661   664  32 =Aqr 36   11 06 43   15 00 A  4  115438 2 1 1  4.0  -66.1   14.2   65.5
 662   666  32 =Aqr 37   11 07 16   15 54 A  4  115669 2 1 1  4.4  -72.7   20.8   73.0
 663   665  32 =Aqr 38   11 08 07   16 45 A  4  116247 1 1 1  4.7  -35.3   14.8   36.9
 664   667  32 =Aqr 39   11 01 13   16 57 A  4  114119 1 1 1  4.5  -45.4   23.4   49.4
 665   668  32 =Aqr 40   11 02 04   15 51 A  4  114375 1 1 1  4.7  -21.2    9.8   22.7
 666   669  32 =Aqr 41   11 02 55   14 48 A  4  114341 1 1 1  3.7  -46.5   19.8   49.1
 667   670  32 =Aqr 42   10 26 19   21 24 A  1  113368 2 1 1  1.2  -22.2   20.2   28.9
 668   671  32 =Aqr 43a  11 16 40   16 33 A  4b    301 1 1 1  4.6  -46.3   19.2   48.4
 669   672  32 =Aqr 44a  11 19 10   15 45 A  4b    910 1 1 1  4.9  -43.6   30.2   51.8
 670   673  32 =Aqr 45a  11 18 28   19 18 A  4b   1170 1 1 1  4.4  -47.5   32.6   55.5
 671   674  33 =Psc  1   11 10 46   08 54 B  4  113889 1 1 1  4.5   -1.1    9.9   10.0
 672   675  33 =Psc  2   11 13 49   07 12 B  4f 114971 1 1 1  3.7  -18.8    6.5   19.7
 673   676  33 =Psc  3   11 15 25   08 42 B  4f 115227 1 1 1  5.1  -14.1   11.4   18.0
 674   677  33 =Psc  4   11 17 49   08 48 B  4  115830 1 1 1  4.3  -26.6   14.0   29.7
 675   678  33 =Psc  5   11 19 49   07 00 B  4  116771 1 1 1  4.1   -2.2   14.3   14.5
 676   679  33 =Psc  6   11 15 16   04 00 B  4  115738 1 1 1  4.9  -12.7   27.3   30.1
 677   680  33 =Psc  7   11 19 22   03 00 B  4  116928 1 1 1  4.5  -35.6   25.9   44.0
 678   681  33 =Psc  8   11 25 07   06 18 B  4  118268 1 1 1  4.0  -23.2    4.8   23.6
 679   682  33 =Psc  9    0 00 50   05 24 B  6    1645 1 1 1  5.4  -41.7    3.3   41.7
 680   683  33 =Psc 10    0 02 49   03 00 B  6    2548 1 1 1  5.7  -29.2    9.9   30.8
 681   684  33 =Psc 11    0 06 55   01 54 B  4    3786 1 1 1  4.4  -37.4   16.0   40.6
 682   685  33 =Psc 12    0 10 31   01 12 B  4    4906 1 1 1  4.3  -49.7   -8.5   50.4
 683   686  33 =Psc 13    0 12 55   00 10 A  4    5737 1 1 1  5.2  -54.3   -3.6   54.4
 684   687  33 =Psc 14    0 12 22   01 39 A  6    5824 1 3 3  6.0  -19.7   46.9   50.9 *
 685   688  33 =Psc 15    0 12 55   04 54 A  5    6061 1 1 1  5.1  -86.3   36.5   93.4
 686   689  33 =Psc 16    0 15 55   02 30 A  4f   7007 1 1 1  4.8  -40.3  -34.4   53.0
 687   690  33 =Psc 17    0 18 25   05 00 A  4    7884 1 1 1  4.4  -45.6   16.1   48.2
 688   691  33 =Psc 18    0 19 49   08 45 A  4    8833 2 1 1  4.6   -9.4   47.3   48.2
 689   692  33 =Psc 19    0 21 55   09 30 A  3f   9487 1 1 1  3.8  -24.0   24.0   33.8
 690   693  33 =Psc 20    0 20 25   02 12 A  4    8198 1 1 1  4.3  -32.1   32.4   45.6
 691   694  33 =Psc 21    0 20 04   01 48 B  5f   7535 1 1 1  5.5  -59.2    3.2   59.3
 692   695  33 =Psc 22    0 19 46   05 00 B  3f   7097 1 1 1  3.6  -47.8   20.5   51.8
 693   696  33 =Psc 23    0 20 10   08 36 B  5    6706 2 1 1  5.3  -55.2   45.2   70.8
 694   697  33 =Psc 24    0 21 22   22 09 B  5    5544 1 1 1  5.2  -24.1  -10.9   24.9
 695   698  33 =Psc 25    0 20 46   21 21 B  5b   5586 2 1 1  4.5  -16.9  -38.4   41.5
 696   699  33 =Psc 26    0 17 34   20 45 B  6f   4510 1 1 1  5.4  -29.3   11.0   29.5
 697   700  33 =Psc 27    0 16 43   19 42 B  6f   4366 1 1 1  6.1  -49.0  -13.6   48.2
 698   701  33 =Psc 28    0 15 40   20 30 B  6f   3885 1 1 1  5.6  -52.2   -0.2   48.9
 699   702  33 =Psc 29    0 16 19   12 51 B  4    5131 2 1 1  5.3  -43.0   29.4   51.2
 700   703  33 =Psc 30    0 16 28   11 54 B  4    5310 2 1 1  5.6  -39.8   34.2   51.8
 701   704  33 =Psc 31    0 16 46   10 57 B  4    5454 1 1 3  5.6  -58.5   20.1   60.8
 702   705  33 =Psc 32    0 20 55   18 00 B  4    6193 1 1 1  4.7    2.4  -34.3   34.3
 703   706  33 =Psc 33    0 19 28   14 45 B  4    5742 1 1 1  4.7  -50.3   43.2   65.0
 704   707  33 =Psc 34    0 17 10   12 00 B  4    5571 1 1 3  4.7  -28.4   24.6   37.1
 705   708  33 =Psc 35a  11 20 46   03 12 A  4  118209 1 1 1  4.9  -19.6    4.4   20.0
 706   709  33 =Psc 36a  11 21 10   03 00 A  4     145 1 1 1  5.1   11.6    2.4   11.8
 707   710  33 =Psc 37a  11 21 25   06 12 A  4     154 2 1 1  4.4  -73.6   29.7   79.0
 708   711  33 =Psc 38a  11 22 13   06 12 A  4     443 2 1 1  4.6  -67.8   25.1   72.0
 709   712  34 =Cet  1    1 07 31   08 18 A  4   13954 1 1 1  4.7  -16.7   27.7   32.2
 710   713  34 =Cet  2    1 06 55   12 51 A  3   14135 1 1 1  2.5  -27.0   13.2   29.5
 711   714  34 =Cet  3    1 02 10   12 18 A  3   12706 1 1 1  3.5  -33.8   16.1   36.7
 712   715  34 =Cet  4    1 00 22   14 42 A  3f  12387 1 1 1  4.1  -39.6   11.4   40.0
 713   716  34 =Cet  5    0 29 46   08 09 A  4   11484 4 2 2  4.3   -9.3  135.0  135.3 *
 714   717  34 =Cet  6    1 03 07   06 30 A  4   12828 1 1 3  4.3   55.9   53.9   77.4
 715   718  34 =Cet  7    0 26 55   04 24 A  4f  10324 1 1 1  4.4  -43.4    5.3   43.6
 716   719  34 =Cet  8    0 22 37   25 42 A  4   11345 1 1 1  4.9  -46.4   25.2   48.9
 717   720  34 =Cet  9    0 23 04   29 15 A  4   11783 1 1 1  4.7  -49.3   41.7   60.0
 718   721  34 =Cet 10    0 26 25   26 15 A  4   12390 1 1 1  4.8  -58.0   14.8   54.1
 719   722  34 =Cet 11    0 26 43   28 51 A  4b  12770 1 1 1  4.2  -50.3   33.5   55.4
 720   723  34 =Cet 12    0 10 55   25 30 A  3f   8102 1 1 1  3.5  -45.8   25.7   48.7
 721   724  34 =Cet 13    0 12 07   31 00 A  4    9347 2 1 1  4.0  -35.9   -3.1   30.9
 722   725  34 =Cet 14    0 14 37   21 09 A  3f   8645 1 1 1  3.7  -32.5   47.5   56.4
 723   726  34 =Cet 15    0 08 55   16 15 A  3f   6537 1 1 1  3.6  -32.0   29.0   42.2
 724   727  34 =Cet 16    0 04 40   16 42 A  3f   5364 1 1 1  3.5  -47.4   35.7   57.8
 725   728  34 =Cet 17    0 00 19   15 06 A  6    4371 1 3 3  5.3   11.6  -47.9   49.2
 726   729  34 =Cet 18   11 28 40   17 12 A  6    3849 1 1 3  5.6  -40.7   -7.3   39.5
 727   730  34 =Cet 19   11 28 40   15 21 A  5f   3909 1 3 3  5.2   46.3   37.4   58.3
 728   731  34 =Cet 20   11 28 13   16 06 A  5f   3455 3 3 3  4.8  -10.9  119.4  119.9
 729   732  34 =Cet 21   11 23 55   10 30 A  3f   1562 1 1 1  3.6  -51.4   28.6   58.1
 730   733  34 =Cet 22   11 25 25   21 00 A  3b   3419 2 1 1  2.0  -44.8   13.1   43.8
 731   734  35 =Ori  1    2 16 31   13 30 A  9   26207 2 1 1  3.4  -39.5    3.4   38.5
 732   735  35 =Ori  2    2 21 13   16 45 A  1f  27989 1 1 1  0.4  -18.8   38.9   42.8
 733   736  35 =Ori  3    2 13 34   17 15 A  2   25336 1 1 1  1.6  -28.1   21.8   34.6
 734   737  35 =Ori  4    2 14 40   17 39 A  4f  25813 1 1 1  4.2   -7.6   17.0   18.5
 735   738  35 =Ori  5    2 22 40   14 00 A  4   28614 1 1 1  4.1    5.4    8.5   10.0
 736   739  35 =Ori  6    2 26 16   11 15 A  6   29800 1 1 1  5.0   -1.9    2.3    3.0
 737   740  35 =Ori  7    2 25 37   09 15 A  5   29426 2 1 1  4.4  -31.9   -1.2   31.5
 738   741  35 =Ori  8    2 25 04   08 42 A  5   29038 2 1 1  4.4  -63.7   -1.7   63.0
 739   742  35 =Ori  9    2 26 04   07 15 A  6   29704 1 1 1  5.3  -10.9   -4.0   11.5
 740   743  35 =Ori 10    2 25 10   07 15 A  6   29434 1 1 1  4.9   -5.7   -5.9    8.2
 741   744  35 =Ori 11    2 21 07   03 24 A  5   27913 1 1 1  4.4  -15.5   11.1   19.0
 742   745  35 =Ori 12    2 23 16   03 45 A  5f  28716 2 1 1  4.6  -11.6   22.8   25.5
 743   746  35 =Ori 13    2 16 55   19 24 A  4   26594 1 1 1  4.5  -15.7    6.5   16.2
 744   747  35 =Ori 14    2 16 16   19 42 A  6   26126 2 1 1  5.3  -55.2    6.5   52.4
 745   748  35 =Ori 15    2 14 13   20 09 A  6   25861 1 1 1  5.5   17.7    7.2   18.1
 746   749  35 =Ori 16    2 13 31   20 30 A  5   25473 1 1 1  4.6  -11.1   20.2   22.7
 747   750  35 =Ori 17    2 09 40   07 45 A  4   24010 1 1 1  4.8   16.8   22.1   27.7
 748   751  35 =Ori 18    2 08 46   07 54 A  4   23607 1 1 1  4.7   -5.0   26.6   27.0
 749   752  35 =Ori 19    2 08 13   10 06 A  4   22957 1 1 1  4.1 -102.6   58.2  116.7
 750   753  35 =Ori 20    2 05 40   12 42 A  4   22845 1 1 1  4.6    4.4   16.9   17.5
 751   754  35 =Ori 21    2 04 43   14 18 A  4   22509 1 1 1  4.3  -12.0   45.0   46.5
 752   755  35 =Ori 22    2 04 13   15 30 A  3f  22449 1 1 1  3.2  -13.2    3.1   13.1
 753   756  35 =Ori 23    2 04 34   16 45 A  3f  22549 1 1 1  3.7  -19.1   -5.6   19.1
 754   757  35 =Ori 24    2 04 46   20 18 A  3f  22797 1 1 1  3.7   -7.8   13.4   15.3
 755   758  35 =Ori 25    2 05 49   21 12 A  4   23123 1 1 1  4.5   -7.9   16.7   18.2
 756   759  35 =Ori 26    2 14 34   23 57 A  2   25930 1 1 1  2.3   -3.3   19.4   19.6
 757   760  35 =Ori 27    2 16 10   24 36 A  2   26311 1 1 1  1.7  -33.1    1.2   30.2
 758   761  35 =Ori 28    2 17 04   25 24 A  2   26727 1 1 1  1.7  -14.1    2.0   12.9
 759   762  35 =Ori 29    2 11 55   25 39 A  3f  25281 1 1 1  3.3   23.4    2.6   21.2
 760   763  35 =Ori 30    2 15 13   27 54 A  4   26237 1 1 1  4.6   -1.4  -18.1   18.1
 761   764  35 =Ori 31    2 15 19   28 27 A  3f  26220 2 1 1  5.0  -11.3  -18.0   20.5
 762   765  35 =Ori 32    2 15 34   29 12 A  3f  26241 2 1 1  2.8  -25.2   -4.4   22.4
 763   766  35 =Ori 33    2 16 25   30 42 A  4f  26563 1 1 1  4.8  -20.8    5.6   18.7
 764   767  35 =Ori 34    2 14 31   30 51 A  4f  25923 1 1 1  4.6  -27.3   14.0   27.4
 765   768  35 =Ori 35    2 09 25   31 18 A  1   24436 1 1 1  0.2  -26.5    6.3   23.5
 766   769  35 =Ori 36    2 10 37   30 24 A  4b  24674 1 1 1  3.6  -37.2   29.4   43.6
 767   770  35 =Ori 37    2 12 01   31 15 A  4   25247 1 1 1  4.1  -17.4   15.7   21.6
 768   771  35 =Ori 38    2 18 40   33 21 A  3b  27366 1 1 1  2.1   -6.9   12.3   13.6
 769   772  36 =Eri  1    2 07 55   31 54 A  4   23972 1 1 1  4.3  -33.6   17.1   33.3
 770   773  36 =Eri  2    2 08 07   28 12 A  4   23875 1 1 1  2.8  -40.8   16.6   39.6
 771   774  36 =Eri  3    2 05 40   29 54 A  4f  23364 1 1 1  4.8  -18.9    3.8   16.8
 772   775  36 =Eri  4    2 03 43   27 48 A  4f  22701 2 1 1  4.4  -31.5   -4.2   28.2
 773   776  36 =Eri  5    2 02 01   25 48 A  4   22109 1 1 1  4.0  -32.4   21.8   36.5
 774   777  36 =Eri  6    1 29 16   25 24 A  4   21444 1 1 1  3.9  -18.7   12.5   21.0
 775   778  36 =Eri  7    1 25 19   26 00 A  5f  20507 1 1 1  5.2    8.6   57.5   58.0
 776   779  36 =Eri  8    1 22 55   28 15 A  4   19849 1 1 1  4.4   -5.3   12.9   13.8
 777   780  36 =Eri  9    1 21 40   27 39 A  4   19587 1 1 1  4.0   -6.2    7.1    9.0
 778   781  36 =Eri 10    1 16 40   33 15 A  3f  18543 1 1 1  3.0  -40.7    0.3   34.0
 779   782  36 =Eri 11    1 13 31   31 15 A  4   17593 1 1 1  4.4  -26.2    3.9   22.8
 780   783  36 =Eri 12    1 13 10   29 00 A  3f  17378 1 1 1  3.5  -11.6    8.9   13.5
 781   784  36 =Eri 13    1 10 46   27 48 A  3f  16537 1 1 1  3.7  -18.3   -1.1   16.2
 782   785  36 =Eri 14    1 06 34   26 09 A  4   15197 1 1 1  4.8  -36.7   10.0   34.5
 783   786  36 =Eri 15    1 04 07   23 54 A  5   14293 1 1 1  5.3  -47.1   -3.7   43.2
 784   787  36 =Eri 16    1 01 16   24 30 A  4b  13701 1 1 3  3.9  -23.4   -3.6   21.6
 785   788  36 =Eri 17    1 00 14   24 12 A  5f      0 5 3 3  0.0    0.0    0.0    0.0 *
 786   789  36 =Eri 18    0 24 40   33 00 A  4   12843 1 1 1  4.5  -30.3   13.2   28.7
 787   790  36 =Eri 19    0 25 25   35 39 A  4f  13288 1 1 1  4.8  -39.8    5.3   32.8
 788   791  36 =Eri 20    0 27 40   38 45 A  4b  14146 1 1 1  4.1  -59.7  -12.1   48.0
 789   792  36 =Eri 21    1 03 07   38 30 A  4   15474 1 1 1  3.7  -54.5   -3.6   42.8
 790   793  36 =Eri 22    1 06 49   39 27 A  4   16611 1 1 1  4.3  -30.4   -2.3   23.6
 791   794  36 =Eri 23    1 10 25   41 30 A  4   17651 1 1 1  4.2  -52.8  -22.4   45.4
 792   795  36 =Eri 24    1 10 37   42 30 A  5f  17717 1 1 1  5.2  -70.0   -6.1   51.9
 793   796  36 =Eri 25    1 11 01   44 00 A  4   18216 1 1 1  4.6   -2.8   17.8   17.9
 794   797  36 =Eri 26    1 13 10   44 06 A  4   18673 1 1 1  4.6   -5.2   33.9   34.1
 795   798  36 =Eri 27    1 21 43   50 42 A  4f  21248 1 1 1  4.5   -4.1  -16.2   16.4
 796   799  36 =Eri 28    1 22 10   51 45 A  4   21393 1 1 1  3.8   -9.5   -8.0    9.9
 797   800  36 =Eri 29    1 16 25   54 30 A  4   20535 1 1 1  4.0    8.7   -6.3    8.1
 798   801  36 =Eri 30    1 14 01   54 09 A  4b  20042 1 1 1  3.5   34.0    7.7   21.4
 799   802  36 =Eri 31    1 04 01   54 03 A  4   17874 1 1 1  4.2   -9.6  -18.4   19.2
 800   803  36 =Eri 32    1 02 40   55 39 A  4   17797 1 1 1  4.3   -3.2    2.6    3.1
 801   804  36 =Eri 33    1 00 25   55 00 A  4   17351 1 1 1  4.6   36.2    7.0   21.9
 802   805  36 =Eri 34    0 15 40   53 45 A  1   13847 1 1 1  2.9  -19.3   -1.9   11.6
 803   806  37 =Lep  1    2 07 40   35 00 A  5   24244 2 1 1  4.4   13.8   12.7   17.0
 804   807  37 =Lep  2    2 07 31   36 00 A  5   24327 1 1 1  4.4   32.0    7.0   26.8
 805   808  37 =Lep  3    2 09 55   35 30 A  5   24873 1 1 1  5.3   13.3    5.2   12.0
 806   809  37 =Lep  4    2 09 43   36 18 A  5   24845 1 1 1  4.3   12.4    2.4   10.3
 807   810  37 =Lep  5    2 07 10   39 30 A  4b  24305 1 1 1  3.3   21.6   22.9   28.3
 808   811  37 =Lep  6    2 04 10   45 30 A  4b  23685 1 1 1  3.2    1.3   28.5   28.5
 809   812  37 =Lep  7    2 13 01   41 18 A  3f  25985 1 1 1  2.6   30.6   10.1   25.1
 810   813  37 =Lep  8    2 11 40   44 12 A  3f  25606 1 1 1  2.8    9.2   13.5   15.0
 811   814  37 =Lep  9    2 19 10   44 09 A  4b  27654 1 1 1  3.8    6.4   -7.1    8.5
 812   815  37 =Lep 10    2 16 43   46 09 A  4b  27072 1 1 1  3.6   20.9   18.8   23.8
 813   816  37 =Lep 11    2 17 58   38 30 A  4b  27288 1 1 1  3.5   10.5   12.6   15.1
 814   817  37 =Lep 12    2 20 34   38 00 A  4b  28103 1 1 1  3.7   29.8   18.1   29.7
 815   818  38 =CMa  1    3 06 19   39 30 A  1   32349 1 1 1 -1.4    1.3    1.4    1.7
 816   819  38 =CMa  2    3 08 55   34 45 A  4f  33160 1 1 1  4.1  -32.2   -2.1   26.5
 817   820  38 =CMa  3    3 09 25   36 15 A  5   33345 1 1 1  5.0  -12.0  -28.6   30.2
 818   821  38 =CMa  4    3 12 25   38 00 A  4   34045 1 1 1  4.1  -38.0   -3.6   30.2
 819   822  38 =CMa  5    3 11 40   39 45 A  4   33347 1 1 1  4.4 -118.1    2.2   90.9
 820   823  38 =CMa  6    3 07 25   43 00 A  5   33092 1 1 3  4.8  120.2    3.9   88.1
 821   824  38 =CMa  7    3 04 43   41 19 A  5   31700 1 1 1  4.4  -32.4   -2.1   24.4
 822   825  38 =CMa  8    3 04 31   42 30 A  5   31592 1 1 1  4.0  -37.1    7.0   28.3
 823   826  38 =CMa  9    2 29 25   41 30 A  3   30324 1 1 1  2.0   -3.8   10.4   10.8
 824   827  38 =CMa 10    3 03 04   46 36 A  5   31125 1 1 1  4.3  -14.3   -2.2   10.0
 825   828  38 =CMa 11    3 04 40   46 00 A  5   31416 1 1 1  4.5  -50.1   -7.4   35.5
 826   829  38 =CMa 12    3 13 19   46 15 A  4   33977 1 1 1  3.0   -7.7    3.1    6.2
 827   830  38 =CMa 13    3 10 07   46 48 A  5   33152 1 1 1  3.9   13.6   -2.6    9.7
 828   831  38 =CMa 14    3 15 10   48 21 A  3   34444 1 1 1  1.8   25.2  -10.2   19.6
 829   832  38 =CMa 15    3 12 40   51 42 A  3   33579 1 1 1  1.5   17.2   16.3   19.5
 830   833  38 =CMa 16    3 10 25   55 15 A  4   32759 1 1 1  3.5   20.7    2.0   12.0
 831   834  38 =CMa 17    3 00 07   53 45 A  3   30122 1 1 1  3.0  -34.2   18.3   27.3
 832   835  38 =CMa 18    3 21 25   50 45 A  3f  35904 1 1 1  2.5   19.4    4.7   13.1
 833   836  38 =CMa 19a   3 11 31   22 42 A  4   34769 2 1 1  4.2   11.0   -5.4   11.5
 834   837  38 =CMa 20a   2 25 01   60 45 A  4   29034 1 1 1  5.0   12.6    0.3    6.2
 835   838  38 =CMa 21a   2 28 55   58 45 A  5   29807 1 1 1  4.4  -15.6   10.6   13.4
 836   839  38 =CMa 22a   3 01 07   56 51 A  4   30277 1 1 1  3.8  -30.7    4.3   17.3
 837   840  38 =CMa 23a   3 02 25   55 48 A  5   30788 1 1 1  4.5   20.9   -2.2   11.9
 838   841  38 =CMa 24a   2 16 40   55 21 A  4f  27204 1 1 1  5.2   13.8  -24.1   25.4
 839   842  38 =CMa 25a   2 19 31   57 15 A  4f  27810 1 1 1  4.9   -0.2   -3.2    3.2
 840   843  38 =CMa 26a   2 20 55   58 30 A  4f  28199 1 1 1  4.4   16.5  -17.8   19.7
 841   844  38 =CMa 27a   2 17 55   59 30 A  3   27628 1 1 1  3.1   38.1   11.0   22.3
 842   845  38 =CMa 28a   2 14 25   57 24 A  3   26634 1 1 1  2.7   -6.2   -2.7    4.3
 843   846  38 =CMa 29a   2 10 25   58 30 A  4f  25859 1 1 1  3.9   24.6  -11.7   17.4
 844   847  39 =CMi  1    3 14 25   13 54 A  4   36188 1 1 1  2.9   -3.5   21.2   21.5
 845   848  39 =CMi  2    3 18 22   16 00 A  1   37279 1 1 1  0.4  -20.0    5.7   20.0
 846   849  40 =Arg  1    3 29 16   42 42 A  5   38835 1 1 1  4.2   34.6    4.0   25.7
 847   850  40 =Arg  2    4 03 10   43 33 A  3   39757 1 1 1  2.8   26.6   13.5   23.6
 848   851  40 =Arg  3    3 28 13   45 12 A  4b  38170 2 1 1  3.3    1.5   12.3   12.3
 849   852  40 =Arg  4    3 27 43   46 21 A  5   38070 1 1 1  4.4   33.1   14.5   27.1
 850   853  40 =Arg  5    3 24 22   46 24 A  5f  37173 1 1 1  4.7   36.8   17.7   31.0
 851   854  40 =Arg  6    3 25 10   47 42 A  4b  37229 1 1 1  3.8   29.8   13.5   24.2
 852   855  40 =Arg  7    3 24 55   49 09 A  4   36917 1 1 1  4.7   13.4   -1.4    8.9
 853   856  40 =Arg  8    3 27 34   49 24 A  4   37677 1 1 1  3.9   31.6    7.9   22.0
 854   857  40 =Arg  9    3 27 19   49 06 A  5   37648 1 1 1  4.6   28.4   20.2   27.5
 855   858  40 =Arg 10    4 01 55   49 48 A  4f  38901 1 1 1  4.8   73.7    4.1   47.8
 856   859  40 =Arg 11    3 23 55   51 54 A  5f  36514 1 1 1  4.7   40.7   -2.5   25.2
 857   860  40 =Arg 12    3 23 01   58 30 A  3   35264 1 1 1  2.7  -29.5   -5.2   16.3
 858   861  40 =Arg 13    3 29 07   55 30 A  5   37096 1 1 1  4.5  -25.4    4.4   15.1
 859   862  40 =Arg 14    4 00 55   59 00 A  5   37297 1 1 1  4.8   22.8   31.3   33.5
 860   863  40 =Arg 15    4 02 25   57 57 A  4   37819 2 1 1  3.6   42.5    9.9   24.7
 861   864  40 =Arg 16    4 05 43   58 09 A  4   38455 1 1 1  4.5   32.9    1.5   17.5
 862   865  40 =Arg 17    4 10 10   58 36 A  2   39429 1 1 1  2.2   38.5   12.4   23.6
 863   866  40 =Arg 18    4 06 43   60 00 A  5   38414 1 1 1  3.7   36.8   15.0   23.8
 864   867  40 =Arg 19    4 10 40   59 51 A  5   39360 1 1 3  5.5   51.6   11.6   28.5
 865   868  40 =Arg 20    4 09 55   57 21 A  5   40091 2 1 1  4.4  190.6   -5.8  102.9
 866   869  40 =Arg 21    4 11 25   57 49 A  5   40326 2 1 1  4.4  185.5   -4.8   98.8
 867   870  40 =Arg 22    4 25 16   52 30 A  4   43603 1 1 3  5.8   -5.5  -40.7   40.8
 868   871  40 =Arg 23    4 25 25   57 00 A  4   42884 1 1 1  4.1   32.7  -23.3   29.3
 869   872  40 =Arg 24    4 23 55   59 00 A  4   42312 1 1 1  4.1   18.8   42.9   44.0
 870   873  40 =Arg 25    4 28 25   60 15 A  4b  43023 2 1 1  3.9   81.4    5.4   40.8
 871   874  40 =Arg 26    4 28 19   61 24 A  4b  42570 1 1 1  3.8   30.3   13.8   20.0
 872   875  40 =Arg 27    4 18 46   51 24 A  4   42515 1 1 1  4.0   15.7   12.6   16.0
 873   876  40 =Arg 28    4 18 34   49 06 A  4   42828 1 1 1  3.7    9.8    8.4   10.6
 874   877  40 =Arg 29    4 17 22   43 39 A  4f  43409 1 1 1  4.0   20.8   19.0   24.2
 875   878  40 =Arg 30    4 18 55   43 15 A  4f  43825 1 1 1  4.9    7.7   22.2   22.9
 876   879  40 =Arg 31    5 03 04   56 09 A  2   44816 1 1 1  2.2   23.2   15.6   20.3
 877   880  40 =Arg 32    5 06 43   51 15 A  3   46651 1 1 1  3.6   18.1    4.6   12.2
 878   881  40 =Arg 33    4 00 10   63 54 A  4b  36377 1 1 1  3.3   49.2    2.8   21.9
 879   882  40 =Arg 34    4 10 16   65 24 A  6   38164 2 1 1  4.1   64.9    7.6   28.1
 880   883  40 =Arg 35    4 19 13   64 15 A  2   39953 1 1 1  1.8   25.5  -15.0   18.6
 881c  884  40 =Arg 36    4 28 11   69 40 A  4   38827 2 1 1  3.5 -306.0  -41.5  112.5
 882c  885  40 =Arg 37    5 04 51   65 40 A  3   42536 2 1 1  3.6  133.0  -37.6   65.9 *
 883c  886  40 =Arg 38    5 10 21   65 50 A  3   42726 1 3 1  4.8 -142.2  -24.0   62.5 *
 884c  887  40 =Arg 39    5 15 41   66 20 A  3   42913 2 3 1  1.9 -266.8  -51.9  117.3 *
 885c  888  40 =Arg 40    5 20 41   62 50 A  4   45941 2 1 1  2.5   30.9  -53.1   54.9
 886c  889  40 =Arg 41    5 27 41   62 15 A  4b  46701 2 1 1  3.2  -69.4 -118.5  122.5
 887   890  40 =Arg 42    2 22 13   66 09 A  4   28328 1 1 1  4.0  -27.0  -10.6   15.2
 888   891  40 =Arg 43    3 08 31   66 12 A  3f  31685 1 1 1  3.2   50.6    3.5   20.7
 889c  892  40 =Arg 44    3 06 51   75 00 A  1   30438 1 1 1 -0.6   20.8  -53.9   54.1
 890c  893  40 =Arg 45    3 18 41   71 45 A  3f  32768 1 1 1  2.9   77.6  -69.5   73.3
 891   894  41 =Hya  1    4 03 28   14 33 A  4f  42402 1 1 1  4.4   -5.3   -6.0    7.9
 892   895  41 =Hya  2    4 02 25   12 30 A  4f  42313 1 1 1  4.1    3.7    3.5    5.0
 893   896  41 =Hya  3    4 04 28   11 15 A  4   43109 1 1 1  3.4    4.5    6.6    8.0
 894   897  41 =Hya  4    4 04 25   14 09 A  4   42799 1 1 1  4.3    3.4   -9.1    9.6
 895   898  41 =Hya  5    4 06 55   11 09 A  4b  43813 1 1 1  3.1   -9.7    8.0   12.5
 896   899  41 =Hya  6    4 09 40   12 09 A  6   44659 1 1 1  5.0   -6.4   64.6   64.9
 897   900  41 =Hya  7    4 12 28   13 00 A  4   45336 1 1 1  3.9   -2.7   -3.3    4.2
 898   901  41 =Hya  8    4 18 01   15 09 A  4f  46776 1 1 1  4.5   -6.5    8.6   10.6
 899   902  41 =Hya  9    4 19 28   14 39 A  4f  47431 1 1 1  3.9   20.0   20.7   28.3
 900   903  41 =Hya 10    4 17 55   16 42 A  4f  46509 1 1 1  4.6  -10.6   -2.5   10.5
 901   904  41 =Hya 11    4 18 43   21 42 A  6f      0 5 3 3  0.0    0.0    0.0    0.0 *
 902   905  41 =Hya 12    4 19 31   22 30 A  2   46390 1 1 1  2.0   -3.3    4.7    5.6
 903   906  41 =Hya 13    4 28 10   26 00 A  4   48356 1 1 3  4.1  -17.6   -6.1   16.9 *
 904   907  41 =Hya 14    5 00 13   23 15 A  4   49402 1 1 3  4.6   17.9    2.9   16.7 *
 905   908  41 =Hya 15    5 01 10   22 00 A  4b  49841 1 1 3  3.6   24.4   -0.5   22.6 *
 906   909  41 =Hya 16    5 07 04   24 45 A  3f  51069 1 1 1  3.8   10.2    5.0   10.5
 907   910  41 =Hya 17    5 10 01   23 36 A  4f  52085 1 1 1  4.9   14.0    5.5   14.0
 908   911  41 =Hya 18    5 12 37   22 00 A  3   52943 1 1 1  3.1   -4.2    9.6   10.4
 909   912  41 =Hya 19    5 20 46   25 39 A  4   54682 1 1 1  4.5   -1.9    1.7    2.5
 910   913  41 =Hya 20    5 21 10   30 21 A  4   54204 1 1 1  4.9   22.7    5.3   20.3
 911   914  41 =Hya 21    6 00 01   31 42 A  4b  56343 1 1 1  3.5   11.9    8.2   13.1
 912   915  41 =Hya 22    6 03 10   33 48 A  4   56922 1 1 1  4.7   12.8   22.9   25.3
 913   916  41 =Hya 23    6 05 10   31 15 A  3   57936 1 1 1  4.3   29.1  -11.6   27.5
 914   917  41 =Hya 24    6 18 55   13 45 A  3f  64962 1 1 1  3.0   15.4    2.8   15.2
 915   918  41 =Hya 25    7 01 10   13 09 A  3f  68895 1 1 1  3.3  -23.5   10.1   25.0
 916   919  41 =Hya 26a   4 02 16   22 39 A  3   41307 2 1 1  3.9  -13.8    9.2   15.8
 917   920  41 =Hya 27a   4 29 04   10 12 A  4   49641 3 1 3  4.5 -166.9  -56.5  173.4
 918   921  42 =Crt  1    5 15 55   22 42 A  4   53740 1 1 1  4.1    2.2   -0.5    2.1
 919   922  42 =Crt  2    5 21 55   19 45 A  4   55705 1 1 1  4.1  -29.3    5.6   28.2
 920   923  42 =Crt  3    5 19 01   17 42 A  4   55282 1 1 1  3.6   -7.3    6.4    9.4
 921   924  42 =Crt  4    5 25 37   18 33 A  5f  57283 1 1 1  4.7   37.4   15.9   38.9
 922   925  42 =Crt  5    5 18 22   13 21 A  4f  55687 1 1 1  4.8    3.4   -7.3    8.0
 923   926  42 =Crt  6    5 27 55   16 18 A  4f  58188 1 1 1  5.2   21.7   13.6   24.8
 924   927  42 =Crt  7    5 20 55   11 24 A  4f  56633 1 1 1  4.7   -9.0    6.2   10.7
 925   928  43 =Crv  1    6 04 13   22 00 A  3f  59199 1 1 1  4.0   11.4   16.2   19.4
 926   929  43 =Crv  2    6 03 58   19 15 A  3   59316 1 1 1  3.0   -6.7  -24.0   24.9
 927   930  43 =Crv  3    6 06 25   18 15 A  5   60189 1 1 1  5.2  -25.5   -0.7   24.2
 928   931  43 =Crv  4    6 02 46   14 18 A  3   59803 1 1 1  2.6    9.3  -10.5   13.8
 929   932  43 =Crv  5    6 05 31   12 00 A  3   60965 1 1 1  2.9    7.5   -8.5   11.2
 930   933  43 =Crv  6    6 06 01   11 39 A  4   61174 1 1 1  4.3    1.4    1.0    1.7
 931   934  43 =Crv  7    6 09 40   17 49 A  3   61359 1 1 1  2.7   -7.7  -11.6   13.7
 932   935  44 =Cen  1    7 00 25   22 09 A  5   67457 1 1 1  4.2  -12.8   36.1   38.0
 933   936  44 =Cen  2    6 29 37   19 06 A  5   67786 1 1 1  4.8   21.1   10.6   22.6
 934   937  44 =Cen  3    6 29 16   20 48 A  4   67153 1 1 1  4.2  -21.1   17.5   26.4
 935   938  44 =Cen  4    7 00 01   20 00 A  5   67669 1 1 1  4.3    5.4   -1.0    5.2
 936   939  44 =Cen  5    6 25 13   25 48 A  3   65109 1 1 1  2.8    8.4   -8.2   11.2
 937   940  44 =Cen  6    7 04 40   21 57 A  3   68933 1 1 1  2.1   -8.1    1.7    7.7
 938   941  44 =Cen  7    6 28 25   27 45 A  5   65936 1 1 1  3.9   14.7   11.1   17.1
 939   942  44 =Cen  8    7 07 25   23 00 A  4f  70090 1 1 1  4.1   27.1   33.6   41.8
 940   943  44 =Cen  9    7 08 34   24 00 A  4   70300 1 1 1  4.4   24.7   12.5   25.8
 941   944  44 =Cen 10    7 11 16   18 06 A  4   72010 1 1 1  4.1   17.1  -12.4   20.5
 942   945  44 =Cen 11    7 11 37   21 15 A  4   71865 1 1 1  4.0   29.3   19.7   33.7
 943   946  44 =Cen 12    7 02 44   28 45 A  4b  67464 2 1 1  3.4   36.2   32.3   45.4
 944   947  44 =Cen 13    7 03 40   29 24 A  4b  67472 1 1 1  3.5    3.2   28.6   28.8
 945   948  44 =Cen 14    7 04 55   27 45 A  4   68245 1 1 1  3.8   18.2  -11.5   19.8
 946   949  44 =Cen 15    7 06 07   26 42 A  4b  68862 1 1 1  4.4   12.6   10.1   15.1
 947   950  44 =Cen 16    7 12 22   25 33 A  3   71352 1 1 1  2.3    3.5    6.2    7.0
 948   951  44 =Cen 17    7 16 46   24 15 A  4b  73334 1 1 1  3.1   12.0   17.1   20.3
 949   952  44 =Cen 18    7 06 55   32 48 A  3   68002 2 1 1  2.5   13.4   -4.7   12.2
 950   953  44 =Cen 19    7 06 43   30 48 A  5   68523 2 1 1  4.3   45.0   -6.7   39.2
 951   954  44 =Cen 20    7 05 55   30 00 A  5   68282 1 1 1  3.9   36.7  -23.6   39.5
 952   955  44 =Cen 21    7 01 55   34 54 A  5       0 1 1 1  5.2    1.4  -16.6   16.6 *
 953   956  44 =Cen 22    6 28 01   37 42 A  5   63945 1 1 1  4.7   44.3    3.0   35.2
 954   957  44 =Cen 23    6 24 40   40 12 A  3   61932 1 1 1  2.2   -6.8    5.8    7.8
 955   958  44 =Cen 24    6 23 46   40 00 A  5   61622 1 1 1  3.8  -12.1   -4.0   10.1
 956   959  44 =Cen 25    6 21 55   41 00 A  5b  60823 1 1 1  3.9   61.3  -80.5   92.6
 957   960  44 =Cen 26    6 22 04   46 06 A  3   59196 2 1 1  2.6 -141.7   98.0  139.8
 958c  961  44 =Cen 27    6 23 11   46 15 A  5   59449 1 1 1  4.0  -94.2   42.8   78.3
 959c  962  44 =Cen 28    7 08 01   40 45 A  5f  67234 3 1 1  4.6  -17.6  210.2  210.6
 960c  963  44 =Cen 29    7 06 01   43 00 A  3   66657 3 1 1  2.3  103.9  208.4  222.5
 961   964  44 =Cen 30    0 00 00   00 00 A  0       0 0 0 0  0.0    0.0    0.0    0.0 
 962c  965  44 =Cen 31    6 29 41   51 10 A  2   61084 3 1 1  1.6  -46.3  204.9  207.0
 963c  966  44 =Cen 32    7 05 01   51 40 A  2   62434 3 1 1  1.3  -69.1  185.2  190.4
 964c  967  44 =Cen 33    6 26 01   55 10 A  3f  59747 3 1 1  2.8  112.5  287.9  295.8
 965c  968  44 =Cen 34    7 00 51   55 20 A  2   60718 3 1 1  0.8  194.7  150.8  189.1
 966c  969  44 =Cen 35    7 28 01   41 10 A  1   71681 3 1 1  1.4 -334.8  -76.2  260.9
 967c  970  44 =Cen 36    7 13 51   45 20 A  2b  68702 2 1 1  0.6  128.2   75.8  118.5
 968c  971  44 =Cen 37    7 04 21   49 10 A  4f  63003 3 1 1  4.0  -91.7  189.4  199.2
 969   972  45 =Lup  1    7 17 07   25 00 A  3   73273 1 1 1  2.7    5.0    1.5    4.7
 970   973  45 =Lup  2    7 15 25   30 03 A  3   71860 1 1 1  2.3   15.9    5.5   14.8
 971   974  45 =Lup  3    7 21 04   21 18 A  4b  75141 1 1 1  3.2  -14.5   -3.4   13.9
 972   975  45 =Lup  4    7 23 25   21 18 A  3f  76297 1 1 1  2.8   14.8    7.6   15.8
 973   976  45 =Lup  5    7 22 37   25 12 A  4b  75264 1 1 1  3.4  -19.5    1.5   17.7
 974   977  45 =Lup  6    7 19 19   27 30 A  5   74117 2 1 1  4.1   33.9   62.9   69.8
 975   978  45 =Lup  7    7 20 07   29 12 A  5   73807 1 1 1  3.9  -18.6   51.9   54.4
 976   979  45 =Lup  8    7 22 31   29 00 A  5   74911 2 1 1  4.3    1.8   34.2   34.2
 977   980  45 =Lup  9    7 22 04   29 57 A  5   74376 1 1 1  3.9  -24.6   22.4   30.9
 978c  981  45 =Lup 10    7 25 21   33 10 A  4f  74395 1 1 1  3.4 -144.2   25.1  123.6
 979c  982  45 =Lup 11    7 09 41   31 20 A  8       0 5 3 3  0.0    0.0    0.0    0.0 *
 980   983  45 =Lup 12    7 11 13   30 36 A  4f  69996 1 1 3  3.5  -14.9   28.1   30.9
 981   984  45 =Lup 13    7 12 25   29 24 A  5   70576 2 1 1  4.3  -28.8   20.3   32.3
 982   985  45 =Lup 14    7 28 01   17 18 A  4   78384 1 1 1  3.4   -5.0   -4.3    6.4
 983   986  45 =Lup 15    7 28 19   15 45 A  5   78918 1 1 1  4.2   35.3   12.0   36.1
 984   987  45 =Lup 16    7 24 55   13 21 A  5b  77634 1 1 1  4.0    5.0   14.5   15.3
 985   988  45 =Lup 17    7 26 01   13 30 A  5f  78105 1 1 1  5.1   17.3   19.6   25.9
 986   989  45 =Lup 18    7 16 40   13 06 A  6   74604 1 1 1  4.9   11.4    9.4   14.5
 987   990  45 =Lup 19    7 16 58   11 30 A  5f  74857 1 1 1  4.3   11.6    3.7   11.9
 988c  991  46 =Ara  1    8 17 21   22 40 A  6   86092 1 1 1  4.6   15.3  -25.0   28.7
 989c  992  46 =Ara  2    8 20 01   25 45 A  4   88714 2 1 1  3.7  199.4  -50.0  185.9
 990c  993  46 =Ara  3    8 15 51   26 30 A  4b  85792 2 1 1  2.8   74.5    1.4   66.7
 991c  994  46 =Ara  4    8 10 21   30 20 A  5f  83153 2 1 1  4.1   83.2    8.2   72.3
 992c  995  46 =Ara  5    8 14 51   34 10 A  4f  85267 2 1 1  3.3   95.8   68.0  104.8
 993c  996  46 =Ara  6    8 14 41   33 20 A  4   85258 2 1 1  2.8  100.7   68.8  109.1
 994c  997  46 =Ara  7    8 10 31   34 00 A  4   83081 2 1 1  3.1   88.1   59.2   94.3
 995   998  47 =CrA  1    8 28 07   22 00 A  4   90422 2 3 1  3.5  -53.5  -34.0   60.1
 996   999  47 =CrA  2    9 01 34   21 18 A  6   92308 1 1 1  5.5   -1.0   44.2   44.2
 997  1000  47 =CrA  3    9 02 16   20 30 A  6   92953 2 1 3  5.3   49.8   46.3   65.7
 998  1001  47 =CrA  4    9 03 52   19 51 A  5   93542 2 1 1  4.7   37.0   35.9   50.1
 999  1002  47 =CrA  5    9 05 16   18 18 A  5f  94005 1 1 1  4.6   26.9   31.0   40.2
1000  1003  47 =CrA  6    9 06 10   17 18 A  5   94160 1 1 1  4.1    2.4   37.4   37.5
1001  1004  47 =CrA  7    9 06 01   16 12 A  5   94114 2 1 1  4.1   15.2   58.4   60.2
1002  1005  47 =CrA  8    9 05 34   15 15 A  5   93825 2 1 1  4.2   11.2   57.6   58.6
1003  1006  47 =CrA  9    9 04 16   15 12 A  6   93174 2 1 1  4.8   -3.5   60.4   60.5
1004  1007  47 =CrA 10    9 04 01   14 39 A  6   92989 1 1 1  5.4  -16.6   15.1   22.1
1005  1008  47 =CrA 11    9 01 25   15 00 A  5f  91875 1 1 1  5.1  -23.2   -8.4   24.0
1006  1009  47 =CrA 12    8 29 07   16 00 A  5f  90887 1 1 1  5.2  -29.5  -22.1   35.9
1007  1010  47 =CrA 13    8 28 01   18 36 A  5   90982 1 1 1  4.6   40.2  -23.2   44.6
1008  1012  48 =PsA  1   10 20 40   21 30 A  4  111188 2 1 1  4.3  -82.0   10.6   77.1
1009  1013  48 =PsA  2   10 24 10   23 30 A  4  112948 2 1 1  4.5  -42.5   -6.8   39.6
1010  1014  48 =PsA  3   10 24 55   23 48 A  4  113246 1 1 1  4.2  -36.2   11.2   34.9
1011  1015  48 =PsA  4   10 24 46   17 45 A  4  111954 1 1 1  4.2  -78.6   30.6   80.9
1012  1016  48 =PsA  5   10 15 55   21 00 A  5  109285 2 1 1  4.5 -100.9   58.0  110.9
1013  1017  48 =PsA  6   10 22 07   16 45 A  5f 111045 1 3 1  5.9  -61.9   24.1   64.0
1014  1018  48 =PsA  7   10 18 47   16 15 A  5  109789 1 1 1  5.4  -74.9   34.6   79.9
1015  1019  48 =PsA  8   10 15 22   15 30 A  5  108661 1 1 1  5.4  -57.6   16.3   57.9
1016  1020  48 =PsA  9   10 11 19   16 54 A  5f 107608 1 1 1  5.0  -34.1   23.4   40.2
1017  1021  48 =PsA 10   10 10 25   18 33 A  4  107380 1 1 1  4.3  -61.9   16.2   61.0
1018  1022  48 =PsA 11   10 10 25   23 15 A  3f 108085 2 1 1  3.0  -53.0   15.2   51.1
